Selection	View	Channel	Begin Time (s)	End Time (s)	Low Freq (Hz)	High Freq (Hz)	Delta Time (s)	Max Freq (Hz)	Peak Amp (U)	Freq 5% (Hz)	Freq 25% (Hz)	Freq 75% (Hz)	Freq 95% (Hz)	Note_type	call_type	series_type	series_seq	Call_group_num	Call_num	Notes
1	Waveform 1	1	3.694081689	3.710249329	0	22050	0.0162		15925					1	doublet	solo	0	1	1	
2	Waveform 1	1	3.760362769	3.801474	0	22050	0.0411		25475					2	doublet	solo	0	1	1	
3	Waveform 1	1	7.059569264	7.076870824	0	22050	0.0173		18342					1	doublet	solo	0	1	2	
4	Waveform 1	1	7.131995583	7.174807454	0	22050	0.0428		27759					2	doublet	solo	0	1	2	
5	Waveform 1	1	9.019818211	9.038639928	0	22050	0.0188		21121					1	doublet	solo	0	1	3	
6	Waveform 1	1	9.090861226	9.127974281	0	22050	0.0371		26396					2	doublet	solo	0	1	3	
7	Waveform 1	1	21.21278849	21.22911539	0	22050	0.0163		14669					1	doublet	solo	0	2	4	
8	Waveform 1	1	21.29238024	21.33278933	0	22050	0.0404		25645					2	doublet	solo	0	2	4	
9	Waveform 1	1	22.58560076	22.60301676	0	22050	0.0174		20460					1	doublet	solo	0	2	5	
10	Waveform 1	1	22.66004458	22.70249453	0	22050	0.0424		26872					2	doublet	solo	0	2	5	
11	Waveform 1	1	24.06099787	24.0788888	0	22050	0.0179		23220					1	doublet	solo	0	2	6	
12	Waveform 1	1	24.13800516	24.17854967	0	22050	0.0405		27919					2	doublet	solo	0	2	6	
13	Waveform 1	1	25.52653017	25.54365053	0	22050	0.0171		24282					1	doublet	two	1	2	7	
14	Waveform 1	1	25.60133829	25.64516916	0	22050	0.0438		28081					2	doublet	two	1	2	7	
15	Waveform 1	1	25.83689394	25.85244837	0	22050	0.0156		18967					1	doublet	two	2	2	8	
16	Waveform 1	1	25.90303888	25.93487444	0	22050	0.0318		27424					2	doublet	two	2	2	8	
17	Waveform 1	1	27.27530565	27.2926301	0	22050	0.0173		23770					1	doublet	two	1	2	9	
18	Waveform 1	1	27.35133829	27.39240351	0	22050	0.0411		27810					2	doublet	two	1	2	9	
19	Waveform 1	1	27.58185854	27.59794315	0	22050	0.0161		24621					1	doublet	two	2	2	10	
20	Waveform 1	1	27.64777842	27.67634859	0	22050	0.0286		27603					2	doublet	two	2	2	10	
21	Waveform 1	1	29.04668894	29.0641717	0	22050	0.0175		25039					1	doublet	two	1	2	11	
22	Waveform 1	1	29.12387743	29.16417622	0	22050	0.0403		27962					2	doublet	two	1	2	11	
23	Waveform 1	1	29.37165537	29.38737002	0	22050	0.0157		23255					1	doublet	two	2	2	12	
24	Waveform 1	1	29.42979517	29.45845966	0	22050	0.0287		27282					2	doublet	two	2	2	12	
25	Waveform 1	1	30.9067792	30.92380991	0	22050	0.017		22302					1	doublet	solo	0	2	13	
26	Waveform 1	1	30.98204126	31.0248517	0	22050	0.0428		27875					2	doublet	solo	0	2	13	
27	Waveform 1	1	32.37775507	32.39492121	0	22050	0.0172		23992					1	doublet	solo	0	2	14	
28	Waveform 1	1	32.45600977	32.49809351	0	22050	0.0421		28097					2	doublet	solo	0	2	14	
29	Waveform 1	1	33.93788996	33.95396027	0	22050	0.0161		23822					1	doublet	two	1	2	15	
30	Waveform 1	1	34.0173234	34.06013575	0	22050	0.0428		28155					2	doublet	two	1	2	15	
31	Waveform 1	1	34.25748148	34.27416691	0	22050	0.0167		22591					1	doublet	two	2	2	16	
32	Waveform 1	1	34.3159646	34.34147769	0	22050	0.0255		25510					2	doublet	two	2	2	16	
33	Waveform 1	1	36.22580423	36.24280056	0	22050	0.017		22658					1	doublet	solo	0	2	17	
34	Waveform 1	1	36.30646219	36.34780207	0	22050	0.0413		27623					2	doublet	solo	0	2	17	
35	Waveform 1	1	37.9089097	37.92652979	0	22050	0.0176		23949					1	doublet	solo	0	2	18	
36	Waveform 1	1	37.98514643	38.02571797	0	22050	0.0406		27950					2	doublet	solo	0	2	18	
37	Waveform 1	1	39.56777659	39.58429512	0	22050	0.0165		20969					1	doublet	two	1	2	19	
38	Waveform 1	1	39.64535227	39.68680277	0	22050	0.0415		27513					2	doublet	two	1	2	19	
39	Waveform 1	1	39.87163248	39.88836756	0	22050	0.0167		21325					1	doublet	two	2	2	20	
40	Waveform 1	1	39.93079462	39.96131601	0	22050	0.0305		26332					2	doublet	two	2	2	20	
41	Waveform 1	1	41.75532999	41.77238169	0	22050	0.0171		21926					1	doublet	solo	0	2	21	
42	Waveform 1	1	41.83474054	41.87516871	0	22050	0.0404		27156					2	doublet	solo	0	2	21	
43	Waveform 1	1	43.63995447	43.65691462	0	22050	0.017		23650					1	doublet	solo	0	2	22	
44	Waveform 1	1	43.71705332	43.75788965	0	22050	0.0408		27570					2	doublet	solo	0	2	22	
45	Waveform 1	1	45.23086252	45.24691477	0	22050	0.0161		23656					1	doublet	solo	0	2	23	
46	Waveform 1	1	45.30795756	45.3484582	0	22050	0.0405		28000					2	doublet	solo	0	2	23	
47	Waveform 1	1	46.93900385	46.95600977	0	22050	0.017		22389					1	doublet	solo	0	2	24	
48	Waveform 1	1	47.01530543	47.05752649	0	22050	0.0422		27409					2	doublet	solo	0	2	24	
49	Waveform 1	1	48.9868249	49.00444498	0	22050	0.0176		22655					1	doublet	solo	0	2	25	
50	Waveform 1	1	49.06591883	49.10467234	0	22050	0.0388		27591					2	doublet	solo	0	2	25	
51	Waveform 1	1	50.66598597	50.6826066	0	22050	0.0166		22673					1	doublet	solo	0	2	26	
52	Waveform 1	1	50.7431077	50.78183832	0	22050	0.0387		27652					2	doublet	solo	0	2	26	
53	Waveform 1	1	52.8906106	52.90635004	0	22050	0.0157		18640					1	doublet	solo	0	2	27	
54	Waveform 1	1	52.96140757	52.99990931	0	22050	0.0385		27174					2	doublet	solo	0	2	27	
55	Waveform 1	1	55.05342569	55.0702714	0	22050	0.0168		21760					1	doublet	two	1	2	28	
56	Waveform 1	1	55.12941065	55.17063608	0	22050	0.0412		27656					2	doublet	two	1	2	28	
57	Waveform 1	1	55.43578043	55.45449152	0	22050	0.0187		23920					1	doublet	two	2	2	29	
58	Waveform 1	1	55.49605265	55.52356043	0	22050	0.0275		27089					2	doublet	two	2	2	29	
59	Waveform 1	1	57.00222101	57.01907053	0	22050	0.0168		22041					1	doublet	solo	0	2	30	
60	Waveform 1	1	57.08013621	57.11918345	0	22050	0.039		27665					2	doublet	solo	0	2	30	
61	Waveform 1	1	58.73711863	58.75453653	0	22050	0.0174		22533					1	doublet	two	1	2	31	
62	Waveform 1	1	58.81585016	58.85496607	0	22050	0.0391		27565					2	doublet	two	1	2	31	
63	Waveform 1	1	59.0237855	59.03823504	0	22050	0.0144		18685					1	doublet	two	2	2	32	
64	Waveform 1	1	59.07868662	59.10916224	0	22050	0.0305		24733					2	doublet	two	2	2	32	
65	Waveform 1	1	62.59925165	62.61580362	0	22050	0.0166		19295					1	doublet	solo	0	2	33	
66	Waveform 1	1	62.67360392	62.71051289	0	22050	0.0369		25036					2	doublet	solo	0	2	33	
67	Waveform 1	1	64.82385721	64.83952036	0	22050	0.0157		16944					1	doublet	solo	0	2	34	
68	Waveform 1	1	64.8952836	64.93318439	0	22050	0.0379		24372					2	doublet	solo	0	2	34	
69	Waveform 1	1	66.69766703	66.71467295	0	22050	0.017		19361					1	doublet	two	1	2	35	
70	Waveform 1	1	66.77285471	66.81284737	0	22050	0.04		25465					2	doublet	two	1	2	35	
71	Waveform 1	1	67.03460398	67.05106821	0	22050	0.0165		17399					1	doublet	two	2	2	36	
72	Waveform 1	1	67.09576121	67.125348	0	22050	0.0296		22830					2	doublet	two	2	2	36	
73	Waveform 1	1	68.45730295	68.47530832	0	22050	0.018		23209					1	doublet	two	1	2	37	
74	Waveform 1	1	68.53714457	68.57584849	0	22050	0.0387		27431					2	doublet	two	1	2	37	
75	Waveform 1	1	68.73893442	68.75372019	0	22050	0.0148		20495					1	doublet	two	2	2	38	
76	Waveform 1	1	68.79678049	68.82734385	0	22050	0.0306		27337					2	doublet	two	2	2	38	
77	Waveform 1	1	70.83671274	70.85287943	0	22050	0.0162		22890					1	doublet	solo	0	2	39	
78	Waveform 1	1	70.91544047	70.95327164	0	22050	0.0378		27806					2	doublet	solo	0	2	39	
79	Waveform 1	1	73.02691355	73.04185376	0	22050	0.0149		20687					1	doublet	solo	0	2	40	
80	Waveform 1	1	73.1052598	73.1454896	0	22050	0.0402		27810					2	doublet	solo	0	2	40	
81	Waveform 1	1	74.74247446	74.75770888	0	22050	0.0152		23291					1	doublet	solo	0	2	41	
82	Waveform 1	1	74.81342783	74.85253611	0	22050	0.0391		27886					2	doublet	solo	0	2	41	
83	Waveform 1	1	76.42945566	76.44390235	0	22050	0.0144		21396					1	doublet	solo	0	2	42	
84	Waveform 1	1	76.50645914	76.54764261	0	22050	0.0412		28115					2	doublet	solo	0	2	42	
85	Waveform 1	1	93.29549112	93.31249704	0	22050	0.017		15503					1	doublet	solo	0	3	43	
86	Waveform 1	1	93.36578074	93.4035615	0	22050	0.0378		24557					2	doublet	solo	0	3	43	
87	Waveform 1	1	101.5547608	101.5656709	0	22050	0.0109		5092					1	doublet	solo	0	4	44	
88	Waveform 1	1	101.6321534	101.670865	0	22050	0.0387		20597					2	doublet	solo	0	4	44	
89	Waveform 1	1	103.8014726	103.8164872	0	22050	0.015		18956					1	doublet	solo	0	4	45	
90	Waveform 1	1	103.8689546	103.9093446	0	22050	0.0404		26836					2	doublet	solo	0	4	45	
91	Waveform 1	1	105.2508134	105.2673463	0	22050	0.0165		21347					1	doublet	solo	0	4	46	
92	Waveform 1	1	105.3229722	105.3618821	0	22050	0.0389		27445					2	doublet	solo	0	4	46	
93	Waveform 1	1	106.7818803	106.7994813	0	22050	0.0176		23287					1	doublet	solo	0	4	47	
94	Waveform 1	1	106.8588227	106.8997315	0	22050	0.0409		27910					2	doublet	solo	0	4	47	
95	Waveform 1	1	108.3914994	108.4083451	0	22050	0.0168		22181					1	doublet	solo	0	4	48	
96	Waveform 1	1	108.4726533	108.5134413	0	22050	0.0408		27778					2	doublet	solo	0	4	48	
97	Waveform 1	1	109.5890244	109.6094102	0	22050	0.0204		25201					1	doublet	solo	0	4	49	
98	Waveform 1	1	109.6679353	109.7062348	0	22050	0.0383		27753					2	doublet	solo	0	4	49	
99	Waveform 1	1	113.0580491	113.0750321	0	22050	0.017		21736					1	doublet	solo	0	4	50	
100	Waveform 1	1	113.1292542	113.1660737	0	22050	0.0368		27487					2	doublet	solo	0	4	50	
101	Waveform 1	1	114.9052171	114.9217042	0	22050	0.0165		21722					1	doublet	solo	0	4	51	
102	Waveform 1	1	114.97762	115.0179338	0	22050	0.0403		27884					2	doublet	solo	0	4	51	
103	Waveform 1	1	116.6709489	116.6867231	0	22050	0.0158		21027					1	doublet	solo	0	4	52	
104	Waveform 1	1	116.7462815	116.7852601	0	22050	0.039		27519					2	doublet	solo	0	4	52	
105	Waveform 1	1	118.2558259	118.2714623	0	22050	0.0156		23125					1	doublet	two	1	4	53	
107	Waveform 1	1	118.3321351	118.3719987	0	22050	0.0399		28080					2	doublet	two	1	4	53	
108	Waveform 1	1	118.5353059	118.5516786	0	22050	0.0164		23912					1	doublet	two	2	4	54	
109	Waveform 1	1	118.5976838	118.6264146	0	22050	0.0287		27419					2	doublet	two	2	4	54	
110	Waveform 1	1	120.1079835	120.1253938	0	22050	0.0174		22939					1	doublet	two	1	4	55	
111	Waveform 1	1	120.1840562	120.2233245	0	22050	0.0393		28048					2	doublet	two	1	4	55	
112	Waveform 1	1	120.3893403	120.4049195	0	22050	0.0156		22918					1	doublet	two	2	4	56	
113	Waveform 1	1	120.4470262	120.476056	0	22050	0.029		27197					2	doublet	two	2	4	56	
114	Waveform 1	1	121.9949693	122.0115861	0	22050	0.0166		23359					1	doublet	two	1	4	57	
115	Waveform 1	1	122.0755128	122.1159222	0	22050	0.0404		28240					2	doublet	two	1	4	57	
116	Waveform 1	1	122.2875947	122.3030137	0	22050	0.0154		24138					1	doublet	two	2	4	58	
117	Waveform 1	1	122.3463258	122.37576	0	22050	0.0294		27746					2	doublet	two	2	4	58	
118	Waveform 1	1	123.9940843	124.0109529	0	22050	0.0169		25656					1	doublet	solo	0	4	59	
119	Waveform 1	1	124.0704087	124.1133088	0	22050	0.0429		28782					2	doublet	solo	0	4	59	
120	Waveform 1	1	125.6389817	125.6538723	0	22050	0.0149		22747					1	doublet	two	1	4	60	
121	Waveform 1	1	125.7167329	125.7582063	0	22050	0.0415		28573					2	doublet	two	1	4	60	
122	Waveform 1	1	125.9223832	125.9392394	0	22050	0.0169		25552					1	doublet	two	2	4	61	
123	Waveform 1	1	125.9833344	126.010566	0	22050	0.0272		27176					2	doublet	two	2	4	61	
124	Waveform 1	1	127.7922486	127.8094071	0	22050	0.0172		22768					1	doublet	solo	0	4	62	
125	Waveform 1	1	127.8704957	127.9115418	0	22050	0.041		27918					2	doublet	solo	0	4	62	
126	Waveform 1	1	129.8179521	129.8335918	0	22050	0.0156		23481					1	doublet	two	1	4	63	
127	Waveform 1	1	129.8979997	129.9378709	0	22050	0.0399		27977					2	doublet	two	1	4	63	
128	Waveform 1	1	130.1696366	130.1861466	0	22050	0.0165		22409					1	doublet	two	2	4	64	
129	Waveform 1	1	130.2284287	130.2576493	0	22050	0.0292		26616					2	doublet	two	2	4	64	
130	Waveform 1	1	131.6302079	131.6451286	0	22050	0.0149		21551					1	doublet	two	1	4	65	
131	Waveform 1	1	131.7056016	131.7465079	0	22050	0.0409		27619					2	doublet	two	1	4	65	
132	Waveform 1	1	131.9353684	131.9515122	0	22050	0.0161		21882					1	doublet	two	2	4	66	
133	Waveform 1	1	131.9937486	132.0212907	0	22050	0.0275		26531					2	doublet	two	2	4	66	
134	Waveform 1	1	133.3686418	133.3854875	0	22050	0.0168		22810					1	doublet	two	1	4	67	
135	Waveform 1	1	133.4455766	133.4867143	0	22050	0.0411		27905					2	doublet	two	1	4	67	
136	Waveform 1	1	133.6423081	133.6575974	0	22050	0.0153		23067					1	doublet	two	2	4	68	
137	Waveform 1	1	133.7032365	133.7328385	0	22050	0.0296		26687					2	doublet	two	2	4	68	
138	Waveform 1	1	135.0679063	135.0831264	0	22050	0.0152		20237					1	doublet	two	1	4	69	
139	Waveform 1	1	135.144719	135.1856278	0	22050	0.0409		27520					2	doublet	two	1	4	69	
140	Waveform 1	1	135.3349504	135.3502702	0	22050	0.0153		22655					1	doublet	two	2	4	70	
141	Waveform 1	1	135.3949021	135.4259385	0	22050	0.031		26931					2	doublet	two	2	4	70	
142	Waveform 1	1	137.02538	137.0404948	0	22050	0.0151		21415					1	doublet	two	1	4	71	
143	Waveform 1	1	137.1037187	137.1442002	0	22050	0.0405		27222					2	doublet	two	1	4	71	
144	Waveform 1	1	137.3098649	137.3222436	0	22050	0.0124		14001					1	doublet	two	2	4	72	
145	Waveform 1	1	137.3721818	137.4073686	0	22050	0.0352		25068					2	doublet	two	2	4	72	
146	Waveform 1	1	138.6932267	138.7093858	0	22050	0.0162		21055					1	doublet	two	1	4	73	
147	Waveform 1	1	138.7724504	138.8125657	0	22050	0.0401		27384					2	doublet	two	1	4	73	
148	Waveform 1	1	138.9800004	138.9955949	0	22050	0.0156		21958					1	doublet	two	2	4	74	
149	Waveform 1	1	139.0382279	139.0681352	0	22050	0.0299		26958					2	doublet	two	2	4	74	
150	Waveform 1	1	142.3656663	142.3799909	0	22050	0.0143		19168					1	doublet	solo	0	4	75	
151	Waveform 1	1	142.4413194	142.4807328	0	22050	0.0394		26659					2	doublet	solo	0	4	75	
152	Waveform 1	1	143.9508103	143.9651273	0	22050	0.0143		19232					1	doublet	solo	0	4	76	
153	Waveform 1	1	144.0220841	144.059129	0	22050	0.037		26935					2	doublet	solo	0	4	76	
154	Waveform 1	1	145.7681169	145.7849473	0	22050	0.0168		21983					1	doublet	solo	0	4	77	
155	Waveform 1	1	145.8518113	145.8918656	0	22050	0.0401		27525					2	doublet	solo	0	4	77	
156	Waveform 1	1	147.3864335	147.4028825	0	22050	0.0164		21858					1	doublet	solo	0	4	78	
157	Waveform 1	1	147.4626359	147.5038499	0	22050	0.0412		27503					2	doublet	solo	0	4	78	
158	Waveform 1	1	148.8651322	148.8823747	0	22050	0.0172		21376					1	doublet	two	1	4	79	
159	Waveform 1	1	148.9385728	148.9801377	0	22050	0.0416		27472					2	doublet	two	1	4	79	
160	Waveform 1	1	149.1379594	149.1543778	0	22050	0.0164		24205					1	doublet	two	2	4	80	
161	Waveform 1	1	149.1993455	149.2283299	0	22050	0.029		27239					2	doublet	two	2	4	80	
162	Waveform 1	1	150.6225785	150.6393632	0	22050	0.0168		22295					1	doublet	two	1	4	81	
163	Waveform 1	1	150.7000932	150.7396134	0	22050	0.0395		27669					2	doublet	two	1	4	81	
164	Waveform 1	1	150.9074754	150.9236497	0	22050	0.0162		22297					1	doublet	two	2	4	82	
165	Waveform 1	1	150.9680223	150.9987229	0	22050	0.0307		26713					2	doublet	two	2	4	82	
166	Waveform 1	1	152.5331315	152.5483049	0	22050	0.0152		19904					1	doublet	two	1	4	83	
167	Waveform 1	1	152.611638	152.6524705	0	22050	0.0408		27252					2	doublet	two	1	4	83	
168	Waveform 1	1	152.823079	152.8405046	0	22050	0.0174		21912					1	doublet	two	2	4	84	
169	Waveform 1	1	152.8810929	152.9104508	0	22050	0.0294		26103					2	doublet	two	2	4	84	
170	Waveform 1	1	154.3258256	154.3405598	0	22050	0.0147		19532					1	doublet	two	1	4	85	
171	Waveform 1	1	154.3979997	154.4382981	0	22050	0.0403		27231					2	doublet	two	1	4	85	
172	Waveform 1	1	154.5997972	154.615941	0	22050	0.0161		20592					1	doublet	two	2	4	86	
173	Waveform 1	1	154.6569566	154.6876573	0	22050	0.0307		26634					2	doublet	two	2	4	86	
174	Waveform 1	1	156.315648	156.3328294	0	22050	0.0172		23024					1	doublet	two	1	4	87	
175	Waveform 1	1	156.3898667	156.4283952	0	22050	0.0385		27776					2	doublet	two	1	4	87	
176	Waveform 1	1	156.603032	156.6206101	0	22050	0.0176		22697					1	doublet	two	2	4	88	
177	Waveform 1	1	156.6658219	156.6958055	0	22050	0.03		26772					2	doublet	two	2	4	88	
178	Waveform 1	1	158.307866	158.3233226	0	22050	0.0155		22399					1	doublet	two	1	4	89	
179	Waveform 1	1	158.3846787	158.424672	0	22050	0.04		27509					2	doublet	two	1	4	89	
180	Waveform 1	1	158.5791825	158.5949572	0	22050	0.0158		23396					1	doublet	two	2	4	90	
181	Waveform 1	1	158.6385087	158.6664018	0	22050	0.0279		27083					2	doublet	two	2	4	90	
182	Waveform 1	1	160.2580308	160.2745866	0	22050	0.0166		22250					1	doublet	solo	0	4	91	
183	Waveform 1	1	160.3369187	160.3755387	0	22050	0.0386		27397					2	doublet	solo	0	4	91	
184	Waveform 1	1	161.7354173	161.7522935	0	22050	0.0169		23388					1	doublet	two	1	4	92	
185	Waveform 1	1	161.8181809	161.8561753	0	22050	0.038		28007					2	doublet	two	1	4	92	
186	Waveform 1	1	162.0259599	162.0432481	0	22050	0.0173		20967					1	doublet	two	2	4	93	
187	Waveform 1	1	162.0832261	162.1146897	0	22050	0.0315		26715					2	doublet	two	2	4	93	
188	Waveform 1	1	163.6219987	163.6386155	0	22050	0.0166		21885					1	doublet	two	1	4	94	
189	Waveform 1	1	163.6914567	163.7346086	0	22050	0.0432		27615					2	doublet	two	1	4	94	
190	Waveform 1	1	163.8886155	163.9050492	0	22050	0.0164		23344					1	doublet	two	2	4	95	
191	Waveform 1	1	163.9492082	163.9799699	0	22050	0.0308		27200					2	doublet	two	2	4	95	
192	Waveform 1	1	165.726323	165.7430161	0	22050	0.0167		22968					1	doublet	solo	0	4	96	
193	Waveform 1	1	165.8039903	165.8452348	0	22050	0.0412		27771					2	doublet	solo	0	4	96	
194	Waveform 1	1	167.3371629	167.3529867	0	22050	0.0158		23726					1	doublet	two	1	4	97	
195	Waveform 1	1	167.4135179	167.4548066	0	22050	0.0413		27960					2	doublet	two	1	4	97	
196	Waveform 1	1	167.6464585	167.6617888	0	22050	0.0153		24842					1	doublet	two	2	4	98	
197	Waveform 1	1	167.7067613	167.7356462	0	22050	0.0289		27031					2	doublet	two	2	4	98	
198	Waveform 1	1	169.0914506	169.1067418	0	22050	0.0153		22777					1	doublet	two	1	4	99	
199	Waveform 1	1	169.1701097	169.2107286	0	22050	0.0406		27517					2	doublet	two	1	4	99	
200	Waveform 1	1	169.3791856	169.3955735	0	22050	0.0164		23728					1	doublet	two	2	4	100	
201	Waveform 1	1	169.437703	169.4674119	0	22050	0.0297		26992					2	doublet	two	2	4	100	
202	Waveform 1	1	170.8401536	170.8553356	0	22050	0.0152		20250					1	doublet	two	1	4	101	
203	Waveform 1	1	170.9166459	170.9543164	0	22050	0.0377		27791					2	doublet	two	1	4	101	
204	Waveform 1	1	171.1169175	171.132924	0	22050	0.016		23297					1	doublet	two	2	4	102	
205	Waveform 1	1	171.1775254	171.2084134	0	22050	0.0309		27390					2	doublet	two	2	4	102	
206	Waveform 1	1	172.7322282	172.7483276	0	22050	0.0161		21770					1	doublet	two	1	4	103	
207	Waveform 1	1	172.8108872	172.8517503	0	22050	0.0409		27589					2	doublet	two	1	4	103	
208	Waveform 1	1	173.0376939	173.0532578	0	22050	0.0156		19629					1	doublet	two	2	4	104	
209	Waveform 1	1	173.0991868	173.1313828	0	22050	0.0322		25464					2	doublet	two	2	4	104	
210	Waveform 1	1	174.4830369	174.497989	0	22050	0.015		20760					1	doublet	two	1	4	105	
211	Waveform 1	1	174.557454	174.5977067	0	22050	0.0403		26841					2	doublet	two	1	4	105	
212	Waveform 1	1	174.7513627	174.7687272	0	22050	0.0174		21932					1	doublet	two	2	4	106	
213	Waveform 1	1	174.8125352	174.8436784	0	22050	0.0311		26795					2	doublet	two	2	4	106	
214	Waveform 1	1	176.2009477	176.2175492	0	22050	0.0166		21148					1	doublet	two	1	4	107	
215	Waveform 1	1	176.2820634	176.3217057	0	22050	0.0396		27708					2	doublet	two	1	4	107	
216	Waveform 1	1	176.4798173	176.4961442	0	22050	0.0163		22465					1	doublet	two	2	4	108	
217	Waveform 1	1	176.5383042	176.5665534	0	22050	0.0282		25974					2	doublet	two	2	4	108	
218	Waveform 1	1	178.5735215	178.5892046	0	22050	0.0157		20327					1	doublet	solo	0	4	109	
219	Waveform 1	1	178.6439866	178.6826066	0	22050	0.0386		27025					2	doublet	solo	0	4	109	
220	Waveform 1	1	180.636464	180.6524294	0	22050	0.016		22460					1	doublet	solo	0	4	110	
221	Waveform 1	1	180.7121934	180.7521562	0	22050	0.04		27333					2	doublet	solo	0	4	110	
222	Waveform 1	1	183.7006578	183.7154139	0	22050	0.0148		21022					1	doublet	solo	0	4	111	
223	Waveform 1	1	183.7747544	183.813466	0	22050	0.0387		27528					2	doublet	solo	0	4	111	
224	Waveform 1	1	185.3770036	185.3921269	0	22050	0.0151		21557					1	doublet	solo	0	4	112	
225	Waveform 1	1	185.4526261	185.49413	0	22050	0.0415		27453					2	doublet	solo	0	4	112	
226	Waveform 1	1	187.1179551	187.1337017	0	22050	0.0157		22951					1	doublet	two	1	4	113	
227	Waveform 1	1	187.1983384	187.2398576	0	22050	0.0415		27650					2	doublet	two	1	4	113	
228	Waveform 1	1	187.4202012	187.4363755	0	22050	0.0162		22920					1	doublet	two	2	4	114	
229	Waveform 1	1	187.4814958	187.5133937	0	22050	0.0319		27601					2	doublet	two	2	4	114	
230	Waveform 1	1	189.1518601	189.169835	0	22050	0.018		23952					1	doublet	solo	0	4	115	
231	Waveform 1	1	189.2321061	189.2757615	0	22050	0.0437		28072					2	doublet	solo	0	4	115	
232	Waveform 1	1	190.8763932	190.8919795	0	22050	0.0156		24007					1	doublet	solo	0	4	116	
233	Waveform 1	1	190.9530839	190.99413	0	22050	0.041		27997					2	doublet	solo	0	4	116	
234	Waveform 1	1	193.1451768	193.1608628	0	22050	0.0157		19401					1	doublet	solo	0	4	117	
235	Waveform 1	1	193.2236222	193.2640122	0	22050	0.0404		27465					2	doublet	solo	0	4	117	
236	Waveform 1	1	204.4929246	204.5086492	0	22050	0.0157		15137					1	doublet	solo	0	5	118	
237	Waveform 1	1	204.566533	204.6068772	0	22050	0.0403		24883					2	doublet	solo	0	5	118	
238	Waveform 1	1	212.5606278	212.6027726	0	22050	0.0421		16251					12	solo	solo	0	6	119	
239	Waveform 1	1	214.3809709	214.397166	0	22050	0.0162		18131					1	doublet	solo	0	6	120	
240	Waveform 1	1	214.4577989	214.4983415	0	22050	0.0405		26329					2	doublet	solo	0	6	120	
241	Waveform 1	1	215.9960526	216.0130662	0	22050	0.017		20756					1	doublet	solo	0	6	121	
242	Waveform 1	1	216.0718583	216.1107682	0	22050	0.0389		27492					2	doublet	solo	0	6	121	
243	Waveform 1	1	217.6861009	217.7028092	0	22050	0.0167		22654					1	doublet	solo	0	6	122	
244	Waveform 1	1	217.7608689	217.80309	0	22050	0.0422		27669					2	doublet	solo	0	6	122	
245	Waveform 1	1	219.119542	219.1358363	0	22050	0.0163		22650					1	doublet	solo	0	6	123	
246	Waveform 1	1	219.1952561	219.2356462	0	22050	0.0404		27819					2	doublet	solo	0	6	123	
247	Waveform 1	1	220.8582047	220.8747148	0	22050	0.0165		21584					1	doublet	two	1	6	124	
248	Waveform 1	1	220.928975	220.9699601	0	22050	0.041		27346					2	doublet	two	1	6	124	
249	Waveform 1	1	221.1483659	221.1658067	0	22050	0.0174		21915					1	doublet	two	2	6	125	
250	Waveform 1	1	221.20757	221.2356462	0	22050	0.0281		26306					2	doublet	two	2	6	125	
251	Waveform 1	1	223.4314012	223.4490514	0	22050	0.0177		21891					1	doublet	solo	0	6	126	
252	Waveform 1	1	223.512761	223.552678	0	22050	0.0399		27471					2	doublet	solo	0	6	126	
253	Waveform 1	1	224.8758439	224.8912262	0	22050	0.0154		20177					1	doublet	two	1	6	127	
254	Waveform 1	1	224.9446458	224.9848527	0	22050	0.0402		26763					2	doublet	two	1	6	127	
255	Waveform 1	1	225.1669816	225.1807908	0	22050	0.0138		11736					1	doublet	two	2	6	128	
256	Waveform 1	1	225.2290696	225.2639207	0	22050	0.0349		25607					2	doublet	two	2	6	128	
257	Waveform 1	1	226.882512	226.8990067	0	22050	0.0165		21770					1	doublet	two	1	6	129	
258	Waveform 1	1	226.9577989	226.9993943	0	22050	0.0416		27751					2	doublet	two	1	6	129	
259	Waveform 1	1	227.2246751	227.2433976	0	22050	0.0187		21656					1	doublet	two	2	6	130	
260	Waveform 1	1	227.284871	227.3139848	0	22050	0.0291		26442					2	doublet	two	2	6	130	
261	Waveform 1	1	228.7828568	228.7995652	0	22050	0.0167		21498					1	doublet	solo	0	6	131	
262	Waveform 1	1	228.8643693	228.9049424	0	22050	0.0406		28016					2	doublet	solo	0	6	131	
263	Waveform 1	1	230.479802	230.4959153	0	22050	0.0161		19908					1	doublet	solo	0	6	132	
264	Waveform 1	1	230.5533036	230.5933122	0	22050	0.04		27618					2	doublet	solo	0	6	132	
265	Waveform 1	1	232.3918809	232.4073152	0	22050	0.0154		22412					1	doublet	solo	0	6	133	
266	Waveform 1	1	232.4702195	232.5092362	0	22050	0.039		27844					2	doublet	solo	0	6	133	
267	Waveform 1	1	234.0729722	234.087455	0	22050	0.0145		20969					1	doublet	two	1	6	134	
268	Waveform 1	1	234.1473283	234.1888017	0	22050	0.0415		28038					2	doublet	two	1	6	134	
269	Waveform 1	1	234.388524	234.4051408	0	22050	0.0166		23459					1	doublet	two	2	6	135	
270	Waveform 1	1	234.4476213	234.4766282	0	22050	0.029		27366					2	doublet	two	2	6	135	
271	Waveform 1	1	235.8809709	235.896779	0	22050	0.0158		21724					1	doublet	three	1	6	136	
272	Waveform 1	1	235.9541978	235.9947404	0	22050	0.0405		27762					2	doublet	three	1	6	136	
273	Waveform 1	1	236.1567277	236.172902	0	22050	0.0162		23878					1	doublet	three	2	6	137	
274	Waveform 1	1	236.2151536	236.2449845	0	22050	0.0298		27178					2	doublet	three	2	6	137	
275	Waveform 1	1	236.4201859	236.4402857	0	22050	0.0201		20462					1	doublet	three	3	6	138	
276	Waveform 1	1	236.4775743	236.5074357	0	22050	0.0299		26605					2	doublet	three	3	6	138	
277	Waveform 1	1	237.8938035	237.9108171	0	22050	0.017		23760					1	doublet	two	1	6	139	
278	Waveform 1	1	237.9693803	238.0111741	0	22050	0.0418		27837					2	doublet	two	1	6	139	
279	Waveform 1	1	238.2197465	238.2373399	0	22050	0.0176		25670					1	doublet	two	2	6	140	
280	Waveform 1	1	238.280446	238.3082322	0	22050	0.0278		26724					2	doublet	two	2	6	140	
281	Waveform 1	1	242.726674	242.7415818	0	22050	0.0149		15892					1	doublet	solo	0	6	141	
282	Waveform 1	1	242.8009995	242.8398637	0	22050	0.0389		26367					2	doublet	solo	0	6	141	
283	Waveform 1	1	244.5409287	244.5557284	0	22050	0.0148		18146					1	doublet	solo	0	6	142	
284	Waveform 1	1	244.6112412	244.647725	0	22050	0.0365		26847					2	doublet	solo	0	6	142	
285	Waveform 1	1	247.6465043	247.6851853	0	22050	0.0387		18980					12	solo	solo	0	6	143	
286	Waveform 1	1	250.188939	250.2024888	0	22050	0.0135		13105					1	doublet	two	1	6	144	
287	Waveform 1	1	250.2574204	250.2953313	0	22050	0.0379		24906					2	doublet	two	1	6	144	
288	Waveform 1	1	250.503148	250.5189408	0	22050	0.0158		16743					1	doublet	two	2	6	145	
289	Waveform 1	1	250.5618791	250.5889176	0	22050	0.027		23535					2	doublet	two	2	6	145	
290	Waveform 1	1	252.1414536	252.1567124	0	22050	0.0153		16351					1	doublet	solo	0	6	146	
291	Waveform 1	1	252.2103471	252.2476701	0	22050	0.0373		25817					2	doublet	solo	0	6	146	
292	Waveform 1	1	253.925847	253.9411363	0	22050	0.0153		18384					1	doublet	solo	0	6	147	
293	Waveform 1	1	254.0005387	254.0392045	0	22050	0.0387		26970					2	doublet	solo	0	6	147	
294	Waveform 1	1	255.9166154	255.9323625	0	22050	0.0157		19006					1	doublet	solo	0	6	148	
295	Waveform 1	1	255.9902085	256.0281266	0	22050	0.0379		26669					2	doublet	solo	0	6	148	
296	Waveform 1	1	258.0045976	258.02007	0	22050	0.0155		17482					1	doublet	solo	0	6	149	
297	Waveform 1	1	258.0793656	258.1167497	0	22050	0.0374		25923					2	doublet	solo	0	6	149	
298	Waveform 1	1	260.4390153	260.4530098	0	22050	0.014		16924					1	doublet	solo	0	6	150	
299	Waveform 1	1	260.5081376	260.543477	0	22050	0.0353		24755					2	doublet	solo	0	6	150	
300	Waveform 1	1	263.7821549	263.7942399	0	22050	0.0121		6834					1	doublet	two	1	6	151	
301	Waveform 1	1	263.8513383	263.8910111	0	22050	0.0397		22174					2	doublet	two	1	6	151	
302	Waveform 1	1	264.1077165	264.1213025	0	22050	0.0136		16819					1	doublet	two	2	6	152	
303	Waveform 1	1	264.1635942	264.1928605	0	22050	0.0293		24444					2	doublet	two	2	6	152	
304	Waveform 1	1	274.2531632	274.2655534	0	22050	0.0124		8360					1	doublet	solo	0	7	153	
305	Waveform 1	1	274.3177995	274.35085	0	22050	0.0331		19839					2	doublet	solo	0	7	153	
306	Waveform 1	1	276.5182389	276.5327653	0	22050	0.0145		15624					1	doublet	solo	0	7	154	
307	Waveform 1	1	276.5912065	276.6270951	0	22050	0.0359		26056					2	doublet	solo	0	7	154	
308	Waveform 1	1	278.3831681	278.3971051	0	22050	0.0139		18548					1	doublet	solo	0	7	155	
309	Waveform 1	1	278.4581498	278.4959306	0	22050	0.0378		27213					2	doublet	solo	0	7	155	
310	Waveform 1	1	280.2151689	280.2315485	0	22050	0.0164		20988					1	doublet	solo	0	7	156	
311	Waveform 1	1	280.2911576	280.329091	0	22050	0.0379		27576					2	doublet	solo	0	7	156	
312	Waveform 1	1	283.0227555	283.0381898	0	22050	0.0154		15969					1	doublet	solo	0	7	157	
313	Waveform 1	1	283.1059159	283.1433	0	22050	0.0374		27080					2	doublet	solo	0	7	157	
314	Waveform 1	1	284.5718888	284.5875443	0	22050	0.0157		19226					1	doublet	solo	0	7	158	
315	Waveform 1	1	284.6454972	284.6839799	0	22050	0.0385		27278					2	doublet	solo	0	7	158	
316	Waveform 1	1	286.3560685	286.370839	0	22050	0.0148		18262					1	doublet	solo	0	7	159	
317	Waveform 1	1	286.42632	286.4633683	0	22050	0.037		26928					2	doublet	solo	0	7	159	
318	Waveform 1	1	288.1448869	288.1592607	0	22050	0.0144		15837					1	doublet	solo	0	7	160	
319	Waveform 1	1	288.2159623	288.2524613	0	22050	0.0365		26031					2	doublet	solo	0	7	160	
320	Waveform 1	1	291.0080155	291.0231217	0	22050	0.0151		17506					1	doublet	solo	0	7	161	
321	Waveform 1	1	291.0836686	291.1194963	0	22050	0.0358		26558					2	doublet	solo	0	7	161	
322	Waveform 1	1	292.8710832	292.8874385	0	22050	0.0164		21897					1	doublet	solo	0	7	162	
323	Waveform 1	1	292.9477433	292.9865617	0	22050	0.0388		28007					2	doublet	solo	0	7	162	
324	Waveform 1	1	294.4616288	294.4783525	0	22050	0.0167		21206					1	doublet	two	1	7	163	could be one
325	Waveform 1	1	294.5385636	294.5769547	0	22050	0.0384		28039					2	doublet	two	1	7	163	could be one
326	Waveform 1	1	294.7875871	294.833	0	22050	0.0454		23302					12	solo	two	2	7	164	could be two
327	Waveform 1	1	296.0427751	296.058923	0	22050	0.0161		23105					1	doublet	two	1	7	165	
328	Waveform 1	1	296.1191606	296.1587724	0	22050	0.0396		27830					2	doublet	two	1	7	165	
329	Waveform 1	1	296.3226213	296.3388261	0	22050	0.0162		22894					1	doublet	two	2	7	166	
330	Waveform 1	1	296.3822831	296.4124955	0	22050	0.0302		27361					2	doublet	two	2	7	166	
331	Waveform 1	1	297.9111222	297.9279679	0	22050	0.0168		22497					1	doublet	solo	0	7	167	
332	Waveform 1	1	297.9907426	298.031392	0	22050	0.0406		27873					2	doublet	solo	0	7	167	
333	Waveform 1	1	299.4331559	299.4497575	0	22050	0.0166		19820					1	doublet	two	1	7	168	
334	Waveform 1	1	299.5104569	299.5511064	0	22050	0.0406		27877					2	doublet	two	1	7	168	
335	Waveform 1	1	299.7363481	299.7475785	0	22050	0.0112		7715					1	doublet	two	2	7	169	
336	Waveform 1	1	299.7968949	299.8308305	0	22050	0.0339		24087					2	doublet	two	2	7	169	
337	Waveform 1	1	301.0767106	301.0925749	0	22050	0.0159		22447					1	doublet	two	1	7	170	
338	Waveform 1	1	301.1550492	301.1956986	0	22050	0.0406		27819					2	doublet	two	1	7	170	
339	Waveform 1	1	301.3626908	301.3788041	0	22050	0.0161		22743					1	doublet	two	2	7	171	
340	Waveform 1	1	301.4206437	301.4511613	0	22050	0.0305		27228					2	doublet	two	2	7	171	
341	Waveform 1	1	302.7956132	302.8115739	0	22050	0.016		20585					1	doublet	two	1	7	172	
342	Waveform 1	1	302.8726396	302.912404	0	22050	0.0398		27482					2	doublet	two	1	7	172	
343	Waveform 1	1	303.0785111	303.0932511	0	22050	0.0147		17408					1	doublet	two	2	7	173	
344	Waveform 1	1	303.1382646	303.1692399	0	22050	0.031		26879					2	doublet	two	2	7	173	
345	Waveform 1	1	304.6973771	304.7134904	0	22050	0.0161		20284					1	doublet	two	1	7	174	
346	Waveform 1	1	304.7685136	304.8057145	0	22050	0.0372		27171					2	doublet	two	1	7	174	
347	Waveform 1	1	304.9692887	304.9847917	0	22050	0.0155		20058					1	doublet	two	2	7	175	
348	Waveform 1	1	305.0275163	305.0590409	0	22050	0.0315		26773					2	doublet	two	2	7	175	
349	Waveform 1	1	306.5914201	306.6082047	0	22050	0.0168		21913					1	doublet	two	1	7	176	
350	Waveform 1	1	306.6691789	306.7099809	0	22050	0.0408		27689					2	doublet	two	1	7	176	
351	Waveform 1	1	306.8805131	306.8967179	0	22050	0.0162		21917					1	doublet	two	2	7	177	
352	Waveform 1	1	306.9403886	306.9710282	0	22050	0.0306		27144					2	doublet	two	2	7	177	
353	Waveform 1	1	309.0231828	309.038846	0	22050	0.0157		22122					1	doublet	two	1	7	178	
354	Waveform 1	1	309.0987748	309.1359263	0	22050	0.0372		27769					2	doublet	two	1	7	178	
355	Waveform 1	1	309.3110551	309.3252569	0	22050	0.0142		18646					1	doublet	two	2	7	179	
356	Waveform 1	1	309.3706559	309.4018449	0	22050	0.0312		26782					2	doublet	two	2	7	179	
357	Waveform 1	1	310.6470841	310.6630428	0	22050	0.016		21242					1	doublet	two	1	7	180	
358	Waveform 1	1	310.7230119	310.7619828	0	22050	0.039		27633					2	doublet	two	1	7	180	
359	Waveform 1	1	310.9262895	310.942006	0	22050	0.0157		22023					1	doublet	two	2	7	181	
360	Waveform 1	1	310.9836625	311.0126542	0	22050	0.029		26845					2	doublet	two	2	7	181	
361	Waveform 1	1	312.5064591	312.5223893	0	22050	0.0159		19556					1	doublet	two	1	7	182	
362	Waveform 1	1	312.5811357	312.6210221	0	22050	0.0399		26968					2	doublet	two	1	7	182	
363	Waveform 1	1	312.7871293	312.8032121	0	22050	0.0161		21923					1	doublet	two	2	7	183	
364	Waveform 1	1	312.8457231	312.8748063	0	22050	0.0291		26609					2	doublet	two	2	7	183	
365	Waveform 1	1	314.4329423	314.4492387	0	22050	0.0163		20070					1	doublet	two	1	7	184	
366	Waveform 1	1	314.5099992	314.5506181	0	22050	0.0406		27352					2	doublet	two	1	7	184	
367	Waveform 1	1	314.7128495	314.7326781	0	22050	0.0198		21422					1	doublet	two	2	7	185	
368	Waveform 1	1	314.7725724	314.8045243	0	22050	0.032		26892					2	doublet	two	2	7	185	
