Selection	View	Channel	Begin Time (s)	End Time (s)	Low Freq (Hz)	High Freq (Hz)	Delta Time (s)	Max Freq (Hz)	Peak Amp (U)	Freq 5% (Hz)	Freq 25% (Hz)	Freq 75% (Hz)	Freq 95% (Hz)	Note_type	call_type	series_type	series_seq	Call_group_num	Call_num	Notes
1	Spectrogram 1	1	1.401632691	1.418589132	0	22050	0.017	2325.586		2153.32	2239.453	2325.586	2411.719	1	doublet	solo	0	1	1	
2	Spectrogram 1	1	1.461065794	1.499702096	0	22050	0.0386	2325.586		2239.453	2325.586	2411.719	2497.852	2	doublet	solo	0	1	1	
3	Spectrogram 1	1	4.796054269	4.811390932	0	22050	0.0153	2325.586		2239.453	2239.453	2325.586	2411.719	1	doublet	solo	0	1	2	
4	Spectrogram 1	1	4.858163262	4.897079717	0	22050	0.0389	2325.586		2239.453	2325.586	2411.719	2497.852	2	doublet	solo	0	1	2	
5	Spectrogram 1	1	6.790226842	6.811613813	0	22050	0.0214	2239.453		2067.188	2153.32	2325.586	2411.719	1	doublet	solo	0	1	3	
6	Spectrogram 1	1	6.893990899	6.934430443	0	22050	0.0404	2411.719		2325.586	2325.586	2411.719	2497.852	2	doublet	solo	0	1	3	
7	Spectrogram 1	1	8.417687322	8.43387785	0	22050	0.0162	2325.586		2239.453	2325.586	2325.586	2411.719	1	doublet	two	1	1	4	
8	Spectrogram 1	1	8.487754727	8.531208135	0	22050	0.0435	2411.719		2325.586	2411.719	2497.852	2497.852	2	doublet	two	1	1	4	
9	Spectrogram 1	1	8.695215131	8.709347655	0	22050	0.0141	2325.586		2153.32	2325.586	2411.719	2497.852	1	doublet	two	2	1	5	
10	Spectrogram 1	1	8.758004094	8.79145136	0	22050	0.0334	2411.719		2325.586	2411.719	2497.852	2583.984	2	doublet	two	2	1	5	
11	Spectrogram 1	1	10.85902491	10.8748122	0	22050	0.0158	2325.586		2239.453	2239.453	2411.719	2497.852	1	doublet	two	1	1	6	
12	Spectrogram 1	1	10.92807284	10.97273003	0	22050	0.0447	2411.719		2325.586	2411.719	2497.852	2583.984	2	doublet	two	1	1	6	
13	Spectrogram 1	1	11.13113394	11.14532348	0	22050	0.0142	2325.586		2239.453	2325.586	2411.719	2497.852	1	doublet	two	2	1	7	
14	Spectrogram 1	1	11.19204035	11.22650326	0	22050	0.0345	2411.719		2325.586	2411.719	2497.852	2497.852	2	doublet	two	2	1	7	
15	Spectrogram 1	1	12.41668978	12.42976872	0	22050	0.0131	2325.586		2153.32	2239.453	2325.586	2497.852	1	doublet	three	1	1	8	
16	Spectrogram 1	1	12.48641768	12.53437605	0	22050	0.048	2411.719		2239.453	2411.719	2497.852	2583.984	2	doublet	three	1	1	8	
17	Spectrogram 1	1	12.68845835	12.70218108	0	22050	0.0137	2325.586		2153.32	2325.586	2411.719	2497.852	1	doublet	three	2	1	9	
18	Spectrogram 1	1	12.74698439	12.78099814	0	22050	0.034	2411.719		2325.586	2411.719	2497.852	2583.984	2	doublet	three	2	1	9	
19	Spectrogram 1	1	13.01637163	13.03189791	0	22050	0.0155	2325.586		2239.453	2325.586	2411.719	2411.719	1	doublet	three	3	1	10	
20	Spectrogram 1	1	13.08419504	13.1195688	0	22050	0.0354	2411.719		2239.453	2325.586	2411.719	2497.852	2	doublet	three	3	1	10	
21	Spectrogram 1	1	14.73514738	14.75022688	0	22050	0.0151	2325.586		2239.453	2239.453	2325.586	2411.719	1	doublet	two	1	1	11	
22	Spectrogram 1	1	14.80879774	14.85378637	0	22050	0.045	2411.719		2325.586	2411.719	2497.852	2497.852	2	doublet	two	1	1	11	
23	Spectrogram 1	1	15.01000013	15.02585565	0	22050	0.0159	2325.586		2153.32	2325.586	2411.719	2497.852	1	doublet	two	2	1	12	
24	Spectrogram 1	1	15.07138338	15.10848463	0	22050	0.0371	2411.719		2325.586	2411.719	2497.852	2497.852	2	doublet	two	2	1	12	
25	Spectrogram 1	1	16.28605356	16.30294414	0	22050	0.0169	2325.586		2239.453	2325.586	2411.719	2497.852	1	doublet	two	1	1	13	
26	Spectrogram 1	1	16.34940996	16.39086237	0	22050	0.0415	2411.719		2325.586	2411.719	2497.852	2497.852	2	doublet	two	1	1	13	
27	Spectrogram 1	1	16.53777781	16.55192652	0	22050	0.0141	2325.586		2153.32	2325.586	2411.719	2497.852	1	doublet	two	2	1	14	
28	Spectrogram 1	1	16.59811869	16.63303843	0	22050	0.0349	2411.719		2325.586	2411.719	2497.852	2497.852	2	doublet	two	2	1	14	
29	Spectrogram 1	1	18.60947886	18.6250104	0	22050	0.0155	2325.586		2153.32	2239.453	2411.719	2497.852	1	doublet	solo	0	1	15	
30	Spectrogram 1	1	18.67462626	18.71648493	0	22050	0.0419	2411.719		2239.453	2325.586	2497.852	2497.852	2	doublet	solo	0	1	15	
31	Spectrogram 1	1	20.66841211	20.68360605	0	22050	0.0152	2325.586		2239.453	2325.586	2411.719	2497.852	1	doublet	two	1	1	16	
32	Spectrogram 1	1	20.74260798	20.78943339	0	22050	0.0468	2411.719		2325.586	2411.719	2497.852	2497.852	2	doublet	two	1	1	16	
33	Spectrogram 1	1	20.93984118	20.95514765	0	22050	0.0153	2325.586		2239.453	2325.586	2411.719	2411.719	1	doublet	two	2	1	17	
34	Spectrogram 1	1	21.00496569	21.0421094	0	22050	0.0371	2411.719		2325.586	2411.719	2497.852	2497.852	2	doublet	two	2	1	17	
35	Spectrogram 1	1	23.14898005	23.16405954	0	22050	0.0151	2325.586		2239.453	2325.586	2411.719	2497.852	1	doublet	two	1	1	18	
36	Spectrogram 1	1	23.21072474	23.25510111	0	22050	0.0444	2411.719		2325.586	2411.719	2497.852	2583.984	2	doublet	two	1	1	18	
37	Spectrogram 1	1	23.42206278	23.43811088	0	22050	0.016	2325.586		2153.32	2325.586	2411.719	2583.984	1	doublet	two	2	1	19	
38	Spectrogram 1	1	23.48240366	23.52059677	0	22050	0.0382	2411.719		2325.586	2411.719	2497.852	2497.852	2	doublet	two	2	1	19	
39	Spectrogram 1	1	24.67034044	24.68632593	0	22050	0.016	2325.586		2153.32	2239.453	2411.719	2497.852	1	doublet	solo	0	1	20	
40	Spectrogram 1	1	24.73435297	24.77698412	0	22050	0.0426	2411.719		2325.586	2411.719	2497.852	2583.984	2	doublet	solo	0	1	20	
41	Spectrogram 1	1	26.32555475	26.34220583	0	22050	0.0167	2325.586		2153.32	2325.586	2411.719	2497.852	1	doublet	two	1	1	21	
42	Spectrogram 1	1	26.39553347	26.43664446	0	22050	0.0411	2411.719		2325.586	2411.719	2497.852	2497.852	2	doublet	two	1	1	21	
43	Spectrogram 1	1	26.59192743	26.60679314	0	22050	0.0149	2325.586		2153.32	2239.453	2411.719	2497.852	1	doublet	two	2	1	22	
44	Spectrogram 1	1	26.65222254	26.68704066	0	22050	0.0348	2411.719		2325.586	2411.719	2497.852	2497.852	2	doublet	two	2	1	22	
45	Spectrogram 1	1	28.06886568	28.08545954	0	22050	0.0166	2325.586		2239.453	2239.453	2325.586	2411.719	1	doublet	two	1	1	23	
46	Spectrogram 1	1	28.13492098	28.17763834	0	22050	0.0427	2411.719		2239.453	2325.586	2411.719	2497.852	2	doublet	two	1	1	23	
47	Spectrogram 1	1	28.33367434	28.34856251	0	22050	0.0149	2325.586		2153.32	2239.453	2411.719	2497.852	1	doublet	two	2	1	24	
48	Spectrogram 1	1	28.392064	28.42449216	0	22050	0.0324	2411.719		2239.453	2411.719	2497.852	2497.852	2	doublet	two	2	1	24	
49	Spectrogram 1	1	29.62639513	29.6411561	0	22050	0.0148	2325.586		2153.32	2239.453	2325.586	2497.852	1	doublet	two	1	1	25	
50	Spectrogram 1	1	29.687642	29.72959223	0	22050	0.042	2411.719		2325.586	2325.586	2411.719	2497.852	2	doublet	two	1	1	25	
51	Spectrogram 1	1	29.88752833	29.90317928	0	22050	0.0157	2325.586		2153.32	2239.453	2411.719	2497.852	1	doublet	two	2	1	26	
52	Spectrogram 1	1	29.94632616	29.98351136	0	22050	0.0372	2411.719		2325.586	2411.719	2497.852	2497.852	2	doublet	two	2	1	26	
53	Spectrogram 1	1	31.15789118	31.1753166	0	22050	0.0174	2325.586		2153.32	2239.453	2325.586	2411.719	1	doublet	three	1	1	27	
54	Spectrogram 1	1	31.22070208	31.26253977	0	22050	0.0418	2325.586		2325.586	2325.586	2411.719	2497.852	2	doublet	three	1	1	27	
55	Spectrogram 1	1	31.4100236	31.42387667	0	22050	0.0139	2325.586		2153.32	2239.453	2411.719	2497.852	1	doublet	three	2	1	28	
56	Spectrogram 1	1	31.46872988	31.50097551	0	22050	0.0322	2411.719		2325.586	2411.719	2497.852	2583.984	2	doublet	three	2	1	28	
57	Spectrogram 1	1	31.66210833	31.67699692	0	22050	0.0149	2325.586		2239.453	2325.586	2325.586	2411.719	1	doublet	three	3	1	29	
58	Spectrogram 1	1	31.72278872	31.75866376	0	22050	0.0359	2411.719		2325.586	2411.719	2497.852	2497.852	2	doublet	three	3	1	29	
59	Spectrogram 1	1	33.25170221	33.26721277	0	22050	0.0155	2325.586		2239.453	2239.453	2325.586	2411.719	1	doublet	two	1	1	30	
60	Spectrogram 1	1	33.32217875	33.36492243	0	22050	0.0427	2411.719		2325.586	2325.586	2411.719	2497.852	2	doublet	two	1	1	30	
61	Spectrogram 1	1	33.52376261	33.53916358	0	22050	0.0154	2325.586		2153.32	2239.453	2411.719	2497.852	1	doublet	two	2	1	31	
62	Spectrogram 1	1	33.5835618	33.61695803	0	22050	0.0334	2411.719		2325.586	2411.719	2497.852	2497.852	2	doublet	two	2	1	31	
63	Spectrogram 1	1	35.02301493	35.03921193	0	22050	0.0162	2325.586		2239.453	2239.453	2325.586	2411.719	1	doublet	solo	0	1	32	
64	Spectrogram 1	1	35.09387674	35.13752833	0	22050	0.0437	2325.586		2239.453	2325.586	2411.719	2497.852	2	doublet	solo	0	1	32	
65	Spectrogram 1	1	36.47911539	36.49505701	0	22050	0.0159	2325.586		2239.453	2325.586	2411.719	2411.719	1	doublet	two	1	1	33	
66	Spectrogram 1	1	36.54911509	36.58900156	0	22050	0.0399	2411.719		2325.586	2411.719	2497.852	2497.852	2	doublet	two	1	1	33	
67	Spectrogram 1	1	36.75043192	36.76537637	0	22050	0.0149	2325.586		2153.32	2239.453	2411.719	2497.852	1	doublet	two	2	1	34	
68	Spectrogram 1	1	36.81031885	36.84338336	0	22050	0.0331	2411.719		2325.586	2411.719	2411.719	2497.852	2	doublet	two	2	1	34	
69	Spectrogram 1	1	38.02945414	38.04437723	0	22050	0.0149	2325.586		2239.453	2239.453	2325.586	2411.719	1	doublet	two	1	1	35	
70	Spectrogram 1	1	38.09519282	38.13800516	0	22050	0.0428	2325.586		2239.453	2325.586	2411.719	2497.852	2	doublet	two	1	1	35	
71	Spectrogram 1	1	38.28961268	38.30407008	0	22050	0.0145	2325.586		2067.188	2239.453	2411.719	2497.852	1	doublet	two	2	1	36	
72	Spectrogram 1	1	38.34891215	38.38502262	0	22050	0.0361	2411.719		2325.586	2411.719	2497.852	2497.852	2	doublet	two	2	1	36	
73	Spectrogram 1	1	39.64385309	39.65938654	0	22050	0.0155	2325.586		2239.453	2325.586	2411.719	2497.852	1	doublet	two	1	1	37	
74	Spectrogram 1	1	39.71113291	39.75381731	0	22050	0.0427	2411.719		2325.586	2411.719	2497.852	2583.984	2	doublet	two	1	1	37	
75	Spectrogram 1	1	39.91453638	39.92823115	0	22050	0.0137	2325.586		2153.32	2325.586	2411.719	2497.852	1	doublet	two	2	1	38	
76	Spectrogram 1	1	39.98170176	40.01692872	0	22050	0.0352	2411.719		2239.453	2411.719	2497.852	2497.852	2	doublet	two	2	1	38	
77	Spectrogram 1	1	41.03228846	41.04875929	0	22050	0.0165	2325.586		2153.32	2239.453	2325.586	2411.719	1	doublet	three	1	1	39	
78	Spectrogram 1	1	41.09444513	41.13684931	0	22050	0.0424	2411.719		2325.586	2411.719	2497.852	2497.852	2	doublet	three	1	1	39	
79	Spectrogram 1	1	41.28523722	41.2966789	0	22050	0.0114	2411.719		2239.453	2325.586	2411.719	2497.852	1	doublet	three	2	1	40	
80	Spectrogram 1	1	41.34319773	41.37659437	0	22050	0.0334	2411.719		2325.586	2411.719	2497.852	2497.852	2	doublet	three	2	1	40	
81	Spectrogram 1	1	41.54249277	41.55630198	0	22050	0.0138	2325.586		2239.453	2325.586	2411.719	2411.719	1	doublet	three	3	1	41	
82	Spectrogram 1	1	41.6014947	41.63682642	0	22050	0.0353	2411.719		2325.586	2411.719	2497.852	2497.852	2	doublet	three	3	1	41	
83	Spectrogram 1	1	43.30188074	43.32074824	0	22050	0.0189	2239.453		2153.32	2239.453	2325.586	2411.719	1	doublet	three	1	1	42	
84	Spectrogram 1	1	43.39693918	43.44385111	0	22050	0.0469	2411.719		2239.453	2411.719	2497.852	2583.984	2	doublet	three	1	1	42	
85	Spectrogram 1	1	43.58471766	43.59918299	0	22050	0.0145	2325.586		2239.453	2325.586	2411.719	2411.719	1	doublet	three	2	1	43	
86	Spectrogram 1	1	43.64383402	43.68072047	0	22050	0.0369	2411.719		2325.586	2411.719	2497.852	2497.852	2	doublet	three	2	1	43	
87	Spectrogram 1	1	43.87913981	43.89265146	0	22050	0.0135	2325.586		2067.188	2239.453	2411.719	2497.852	1	doublet	three	3	1	44	
88	Spectrogram 1	1	43.94059076	43.97598897	0	22050	0.0354	2411.719		2325.586	2411.719	2497.852	2497.852	2	doublet	three	3	1	44	
89	Spectrogram 1	1	44.94145289	44.95899084	0	22050	0.0175	2325.586		2153.32	2239.453	2325.586	2497.852	1	doublet	three	1	1	45	
90	Spectrogram 1	1	45.00190439	45.04885539	0	22050	0.047	2325.586		2239.453	2325.586	2411.719	2497.852	2	doublet	three	1	1	45	
91	Spectrogram 1	1	45.17900171	45.19240275	0	22050	0.0134	2325.586		2153.32	2325.586	2411.719	2497.852	1	doublet	three	2	1	46	
92	Spectrogram 1	1	45.23623743	45.27104519	0	22050	0.0348	2411.719		2325.586	2411.719	2497.852	2583.984	2	doublet	three	2	1	46	
93	Spectrogram 1	1	45.42614451	45.44022837	0	22050	0.0141	2325.586		2239.453	2325.586	2411.719	2411.719	1	doublet	three	3	1	47	
94	Spectrogram 1	1	45.4835824	45.51924084	0	22050	0.0357	2411.719		2325.586	2411.719	2411.719	2497.852	2	doublet	three	3	1	47	
95	Spectrogram 1	1	46.56666651	46.58217707	0	22050	0.0155	2325.586		2153.32	2239.453	2325.586	2497.852	1	doublet	three	1	1	48	
96	Spectrogram 1	1	46.62897959	46.66975107	0	22050	0.0408	2325.586		2239.453	2325.586	2411.719	2497.852	2	doublet	three	1	1	48	
97	Spectrogram 1	1	46.82235804	46.83649625	0	22050	0.0141	2325.586		2153.32	2325.586	2411.719	2497.852	1	doublet	three	2	1	49	
98	Spectrogram 1	1	46.88124552	46.91585889	0	22050	0.0346	2411.719		2325.586	2411.719	2497.852	2497.852	2	doublet	three	2	1	49	
99	Spectrogram 1	1	47.10310831	47.11761954	0	22050	0.0145	2325.586		2239.453	2325.586	2411.719	2411.719	1	doublet	three	3	1	50	
100	Spectrogram 1	1	47.16208735	47.19934738	0	22050	0.0373	2411.719		2325.586	2411.719	2411.719	2497.852	2	doublet	three	3	1	50	
101	Spectrogram 1	1	48.13417139	48.15012889	0	22050	0.016	2325.586		2153.32	2239.453	2325.586	2497.852	1	doublet	three	1	1	51	
102	Spectrogram 1	1	48.19496622	48.23666849	0	22050	0.0417	2325.586		2325.586	2325.586	2411.719	2497.852	2	doublet	three	1	1	51	
103	Spectrogram 1	1	48.3820199	48.39703409	0	22050	0.015	2325.586		2153.32	2325.586	2411.719	2497.852	1	doublet	three	2	1	52	
104	Spectrogram 1	1	48.43920603	48.47672133	0	22050	0.0375	2411.719		2325.586	2411.719	2497.852	2497.852	2	doublet	three	2	1	52	
105	Spectrogram 1	1	48.64449015	48.65942356	0	22050	0.0149	2325.586		2153.32	2239.453	2411.719	2497.852	1	doublet	three	3	1	53	
106	Spectrogram 1	1	48.70229044	48.7383806	0	22050	0.0361	2411.719		2325.586	2411.719	2411.719	2497.852	2	doublet	three	3	1	53	
107	Spectrogram 1	1	49.65882197	49.67602928	0	22050	0.0172	2239.453		2153.32	2239.453	2325.586	2411.719	1	doublet	two	1	1	54	
108	Spectrogram 1	1	49.72129145	49.76509024	0	22050	0.0438	2325.586		2239.453	2325.586	2411.719	2497.852	2	doublet	two	1	1	54	
109	Spectrogram 1	1	49.91111078	49.92530527	0	22050	0.0142	2325.586		2153.32	2239.453	2411.719	2497.852	1	doublet	two	2	1	55	
110	Spectrogram 1	1	49.97453394	50.01203563	0	22050	0.0375	2411.719		2239.453	2411.719	2497.852	2497.852	2	doublet	two	2	1	55	
111	Spectrogram 1	1	51.64820948	51.66148837	0	22050	0.0133	2325.586		2239.453	2239.453	2325.586	2411.719	1	doublet	two	1	1	56	
112	Spectrogram 1	1	51.71550837	51.75800409	0	22050	0.0425	2411.719		2239.453	2325.586	2497.852	2497.852	2	doublet	two	1	1	56	
113	Spectrogram 1	1	51.92283335	51.93759623	0	22050	0.0148	2325.586		2239.453	2325.586	2411.719	2497.852	1	doublet	two	2	1	57	
114	Spectrogram 1	1	51.98305979	52.0199017	0	22050	0.0368	2411.719		2325.586	2411.719	2497.852	2583.984	2	doublet	two	2	1	57	
115	Spectrogram 1	1	54.46117869	54.47655192	0	22050	0.0154	2325.586		2153.32	2239.453	2325.586	2497.852	1	doublet	solo	0	1	58	
116	Spectrogram 1	1	54.52800455	54.56972971	0	22050	0.0417	2325.586		2239.453	2325.586	2411.719	2497.852	2	doublet	solo	0	1	58	
117	Spectrogram 1	1	63.31387797	63.32922063	0	22050	0.0153	2325.586		2153.32	2325.586	2411.719	2497.852	1	doublet	solo	0	2	59	
118	Spectrogram 1	1	63.37814036	63.41999903	0	22050	0.0419	2325.586		2153.32	2325.586	2497.852	2497.852	2	doublet	solo	0	2	59	
119	Spectrogram 1	1	65.30601206	65.32172098	0	22050	0.0157	2325.586		2239.453	2325.586	2411.719	2497.852	1	doublet	solo	0	2	60	
120	Spectrogram 1	1	65.36977091	65.41258707	0	22050	0.0428	2411.719		2239.453	2411.719	2497.852	2583.984	2	doublet	solo	0	2	60	
121	Spectrogram 1	1	68.8423585	68.85931827	0	22050	0.017	2325.586		2239.453	2239.453	2325.586	2411.719	1	doublet	solo	0	2	61	
122	Spectrogram 1	1	68.90242472	68.94503489	0	22050	0.0426	2325.586		2239.453	2325.586	2411.719	2497.852	2	doublet	solo	0	2	61	
123	Spectrogram 1	1	70.8803834	70.89739741	0	22050	0.017	2325.586		2239.453	2239.453	2325.586	2411.719	1	doublet	solo	0	2	62	
124	Spectrogram 1	1	70.94734659	70.98863688	0	22050	0.0413	2411.719		2239.453	2325.586	2497.852	2497.852	2	doublet	solo	0	2	62	
125	Spectrogram 1	1	72.7247819	72.74157001	0	22050	0.0168	2325.586		2153.32	2239.453	2325.586	2497.852	1	doublet	three	1	2	63	
126	Spectrogram 1	1	72.79067698	72.83358469	0	22050	0.0429	2411.719		2325.586	2411.719	2497.852	2497.852	2	doublet	three	1	2	63	
127	Spectrogram 1	1	72.98197642	72.9959525	0	22050	0.014	2411.719		2239.453	2325.586	2411.719	2497.852	1	doublet	three	2	2	64	
128	Spectrogram 1	1	73.0428361	73.0772409	0	22050	0.0344	2497.852		2325.586	2411.719	2497.852	2583.984	2	doublet	three	2	2	64	
129	Spectrogram 1	1	73.27956858	73.29358281	0	22050	0.014	2325.586		2153.32	2325.586	2411.719	2497.852	1	doublet	three	3	2	65	
130	Spectrogram 1	1	73.34086313	73.382958	0	22050	0.0421	2411.719		2325.586	2411.719	2497.852	2497.852	2	doublet	three	3	2	65	
131	Spectrogram 1	1	74.68124857	74.69639292	0	22050	0.0151	2325.586		2239.453	2239.453	2325.586	2411.719	1	doublet	two	1	2	66	
132	Spectrogram 1	1	74.75462809	74.80154123	0	22050	0.0469	2411.719		2325.586	2411.719	2497.852	2583.984	2	doublet	two	1	2	66	
133	Spectrogram 1	1	74.95310679	74.96761789	0	22050	0.0145	2325.586		2153.32	2325.586	2411.719	2497.852	1	doublet	two	2	2	67	
134	Spectrogram 1	1	75.01687327	75.05340685	0	22050	0.0365	2411.719		2325.586	2411.719	2497.852	2583.984	2	doublet	two	2	2	67	
135	Spectrogram 1	1	76.24696055	76.26087808	0	22050	0.0139	2325.586		2153.32	2239.453	2411.719	2497.852	1	doublet	two	1	2	68	
136	Spectrogram 1	1	76.31591501	76.36169901	0	22050	0.0458	2411.719		2325.586	2411.719	2497.852	2583.984	2	doublet	two	1	2	68	
137	Spectrogram 1	1	76.51231089	76.52673807	0	22050	0.0144	2325.586		2239.453	2325.586	2411.719	2497.852	1	doublet	two	2	2	69	
138	Spectrogram 1	1	76.57160654	76.60816467	0	22050	0.0366	2411.719		2325.586	2411.719	2497.852	2583.984	2	doublet	two	2	2	69	
139	Spectrogram 1	1	78.10498514	78.11977091	0	22050	0.0148	2325.586		2153.32	2239.453	2411.719	2497.852	1	doublet	two	1	2	70	
140	Spectrogram 1	1	78.17605295	78.22498867	0	22050	0.0489	2411.719		2325.586	2411.719	2497.852	2497.852	2	doublet	two	1	2	70	
141	Spectrogram 1	1	78.40687266	78.42295372	0	22050	0.0161	2325.586		2153.32	2239.453	2411.719	2497.852	1	doublet	two	2	2	71	
142	Spectrogram 1	1	78.46864023	78.50959607	0	22050	0.041	2411.719		2325.586	2411.719	2497.852	2497.852	2	doublet	two	2	2	71	
143	Spectrogram 1	1	80.79069986	80.80493783	0	22050	0.0142	2325.586		2239.453	2239.453	2325.586	2411.719	1	doublet	solo	0	2	72	
144	Spectrogram 1	1	80.85870829	80.90263071	0	22050	0.0439	2325.586		2239.453	2325.586	2411.719	2497.852	2	doublet	solo	0	2	72	
145	Spectrogram 1	1	83.38415232	83.40305796	0	22050	0.0189	2325.586		2239.453	2239.453	2325.586	2411.719	1	doublet	solo	0	2	73	
146	Spectrogram 1	1	83.48274698	83.52408304	0	22050	0.0413	2411.719		2325.586	2411.719	2411.719	2497.852	2	doublet	solo	0	2	73	
147	Spectrogram 1	1	84.98338022	84.99801327	0	22050	0.0146	2325.586		2239.453	2325.586	2411.719	2497.852	1	doublet	solo	0	2	74	
148	Spectrogram 1	1	85.05798044	85.10260229	0	22050	0.0446	2411.719		2239.453	2325.586	2497.852	2583.984	2	doublet	solo	0	2	74	
149	Spectrogram 1	1	86.50412455	86.51968088	0	22050	0.0156	2325.586		2153.32	2239.453	2411.719	2497.852	1	doublet	solo	0	2	75	
150	Spectrogram 1	1	86.5865983	86.63294687	0	22050	0.0463	2411.719		2239.453	2411.719	2497.852	2583.984	2	doublet	solo	0	2	75	
151	Spectrogram 1	1	88.97725382	88.99342051	0	22050	0.0162	2325.586		2239.453	2325.586	2411.719	2497.852	1	doublet	solo	0	2	76	
152	Spectrogram 1	1	89.04929819	89.09151926	0	22050	0.0422	2411.719		2325.586	2411.719	2497.852	2583.984	2	doublet	solo	0	2	76	
153	Spectrogram 1	1	90.93673411	90.95312076	0	22050	0.0164	2325.586		2239.453	2325.586	2325.586	2411.719	1	doublet	solo	0	2	77	
154	Spectrogram 1	1	90.99863901	91.04058161	0	22050	0.0419	2411.719		2325.586	2411.719	2497.852	2583.984	2	doublet	solo	0	2	77	
155	Spectrogram 1	1	93.67514506	93.69216247	0	22050	0.017	2325.586		2239.453	2325.586	2325.586	2411.719	1	doublet	solo	0	2	78	
156	Spectrogram 1	1	93.7359437	93.77798166	0	22050	0.042	2411.719		2325.586	2325.586	2411.719	2497.852	2	doublet	solo	0	2	78	
157	Spectrogram 1	1	96.40705576	96.42505828	0	22050	0.018	2325.586		2239.453	2325.586	2411.719	2497.852	1	doublet	solo	0	2	79	
158	Spectrogram 1	1	96.46712198	96.50954358	0	22050	0.0424	2411.719		2239.453	2325.586	2411.719	2497.852	2	doublet	solo	0	2	79	
159	Spectrogram 1	1	98.36643686	98.38158884	0	22050	0.0152	2325.586		2239.453	2239.453	2325.586	2411.719	1	doublet	solo	0	2	80	
160	Spectrogram 1	1	98.42784586	98.4694108	0	22050	0.0416	2325.586		2239.453	2325.586	2411.719	2497.852	2	doublet	solo	0	2	80	
161	Spectrogram 1	1	100.442563	100.4590098	0	22050	0.0164	2325.586		2153.32	2239.453	2411.719	2497.852	1	doublet	two	1	2	81	
162	Spectrogram 1	1	100.5031709	100.5443543	0	22050	0.0412	2411.719		2325.586	2411.719	2497.852	2497.852	2	doublet	two	1	2	81	
163	Spectrogram 1	1	100.7846726	100.8013005	0	22050	0.0166	2325.586		2239.453	2325.586	2411.719	2497.852	1	doublet	two	2	2	82	
164	Spectrogram 1	1	100.8464631	100.8837906	0	22050	0.0373	2411.719		2325.586	2411.719	2497.852	2497.852	2	doublet	two	2	2	82	
165	Spectrogram 1	1	102.3695725	102.3877001	0	22050	0.0181	2239.453		2153.32	2239.453	2325.586	2411.719	1	doublet	solo	0	2	83	
166	Spectrogram 1	1	102.4533128	102.4987799	0	22050	0.0455	2325.586		2325.586	2325.586	2411.719	2497.852	2	doublet	solo	0	2	83	
167	Spectrogram 1	1	103.4042634	103.4205958	0	22050	0.0163	2325.586		2239.453	2239.453	2325.586	2411.719	1	doublet	two	1	2	84	
168	Spectrogram 1	1	103.4652833	103.5086411	0	22050	0.0434	2411.719		2325.586	2325.586	2497.852	2497.852	2	doublet	two	1	2	84	
169	Spectrogram 1	1	103.6613816	103.6762254	0	22050	0.0148	2325.586		2239.453	2325.586	2411.719	2411.719	1	doublet	two	2	2	85	
170	Spectrogram 1	1	103.7207231	103.7544836	0	22050	0.0338	2411.719		2325.586	2411.719	2497.852	2497.852	2	doublet	two	2	2	85	
171	Spectrogram 1	1	104.7718171	104.7877159	0	22050	0.0159	2325.586		2153.32	2239.453	2325.586	2497.852	1	doublet	two	1	2	86	
172	Spectrogram 1	1	104.8368043	104.8817491	0	22050	0.0449	2411.719		2239.453	2411.719	2497.852	2583.984	2	doublet	two	1	2	86	
173	Spectrogram 1	1	105.0308808	105.0446061	0	22050	0.0137	2325.586		2239.453	2325.586	2411.719	2411.719	1	doublet	two	2	2	87	
174	Spectrogram 1	1	105.0918626	105.1273025	0	22050	0.0354	2411.719		2325.586	2411.719	2497.852	2583.984	2	doublet	two	2	2	87	
175	Spectrogram 1	1	106.7941712	106.8082248	0	22050	0.0141	2325.586		2153.32	2239.453	2325.586	2497.852	1	doublet	two	1	2	88	
176	Spectrogram 1	1	106.8600434	106.902768	0	22050	0.0427	2411.719		2325.586	2411.719	2497.852	2497.852	2	doublet	two	1	2	88	
177	Spectrogram 1	1	107.0568742	107.0716349	0	22050	0.0148	2325.586		2239.453	2325.586	2411.719	2411.719	1	doublet	two	2	2	89	
178	Spectrogram 1	1	107.1145143	107.1494807	0	22050	0.035	2411.719		2325.586	2411.719	2497.852	2497.852	2	doublet	two	2	2	89	
179	Spectrogram 1	1	109.610341	109.6291871	0	22050	0.0188	2239.453		2153.32	2239.453	2325.586	2411.719	1	doublet	solo	0	2	90	
180	Spectrogram 1	1	109.6983003	109.7403683	0	22050	0.0421	2325.586		2325.586	2325.586	2411.719	2497.852	2	doublet	solo	0	2	90	
181	Spectrogram 1	1	110.6669358	110.6822938	0	22050	0.0154	2325.586		2239.453	2325.586	2325.586	2411.719	1	doublet	two	1	2	91	
182	Spectrogram 1	1	110.7326783	110.7741746	0	22050	0.0415	2411.719		2325.586	2411.719	2497.852	2497.852	2	doublet	two	1	2	91	
183	Spectrogram 1	1	110.9236726	110.9373902	0	22050	0.0137	2325.586		2239.453	2325.586	2411.719	2497.852	1	doublet	two	2	2	92	
184	Spectrogram 1	1	110.9825868	111.0150575	0	22050	0.0325	2411.719		2325.586	2411.719	2497.852	2583.984	2	doublet	two	2	2	92	
185	Spectrogram 1	1	111.969571	111.9837388	0	22050	0.0142	2325.586		2153.32	2239.453	2325.586	2411.719	1	doublet	three	1	2	93	
186	Spectrogram 1	1	112.0365342	112.0793195	0	22050	0.0428	2411.719		2325.586	2411.719	2497.852	2497.852	2	doublet	three	1	2	93	
187	Spectrogram 1	1	112.2148789	112.2262849	0	22050	0.0114	2411.719		1808.789	2325.586	2497.852	2583.984	1	doublet	three	2	2	94	
188	Spectrogram 1	1	112.2726792	112.3048295	0	22050	0.0322	2497.852		2325.586	2411.719	2497.852	2583.984	2	doublet	three	2	2	94	
189	Spectrogram 1	1	112.4801377	112.4938783	0	22050	0.0137	2325.586		2153.32	2325.586	2411.719	2497.852	1	doublet	three	3	2	95	
190	Spectrogram 1	1	112.5377778	112.5705461	0	22050	0.0328	2411.719		2325.586	2411.719	2411.719	2497.852	2	doublet	three	3	2	95	
191	Spectrogram 1	1	113.948346	113.9637651	0	22050	0.0154	2325.586		2239.453	2239.453	2325.586	2411.719	1	doublet	two	1	2	96	could be solo
192	Spectrogram 1	1	114.012288	114.0535172	0	22050	0.0412	2411.719		2325.586	2325.586	2411.719	2497.852	2	doublet	two	1	2	96	could be solo
193	Spectrogram 1	1	114.333722	114.348523	0	22050	0.0148	2325.586		2153.32	2239.453	2411.719	2497.852	1	doublet	two	2	2	97	could be solo
194	Spectrogram 1	1	114.3919496	114.4327045	0	22050	0.0408	2411.719		2239.453	2411.719	2497.852	2497.852	2	doublet	two	2	2	97	could be solo
195	Spectrogram 1	1	116.706601	116.7214707	0	22050	0.0149	2325.586		2239.453	2239.453	2325.586	2497.852	1	doublet	two	1	2	98	
196	Spectrogram 1	1	116.7748307	116.8190038	0	22050	0.0442	2411.719		2325.586	2325.586	2497.852	2497.852	2	doublet	two	1	2	98	
197	Spectrogram 1	1	117.0166902	117.0321324	0	22050	0.0154	2325.586		2153.32	2239.453	2411.719	2497.852	1	doublet	two	2	2	99	
198	Spectrogram 1	1	117.0764588	117.1144883	0	22050	0.038	2411.719		2325.586	2411.719	2497.852	2497.852	2	doublet	two	2	2	99	
199	Spectrogram 1	1	119.8429002	119.8624224	0	22050	0.0195	2239.453		2067.188	2153.32	2239.453	2411.719	1	doublet	two	1	2	100	
200	Spectrogram 1	1	119.9351701	119.979001	0	22050	0.0438	2325.586		2239.453	2325.586	2411.719	2497.852	2	doublet	two	1	2	100	
201	Spectrogram 1	1	120.1586656	120.1735809	0	22050	0.0149	2325.586		2239.453	2325.586	2325.586	2411.719	1	doublet	two	2	2	101	
202	Spectrogram 1	1	120.2351274	120.2747896	0	22050	0.0397	2411.719		2239.453	2325.586	2411.719	2497.852	2	doublet	two	2	2	101	
203	Spectrogram 1	1	122.1038102	122.1196336	0	22050	0.0158	2325.586		2153.32	2239.453	2325.586	2411.719	1	doublet	two	1	2	102	
204	Spectrogram 1	1	122.168889	122.2107972	0	22050	0.0419	2325.586		2239.453	2325.586	2411.719	2497.852	2	doublet	two	1	2	102	
205	Spectrogram 1	1	122.3684815	122.3840641	0	22050	0.0156	2325.586		2153.32	2239.453	2411.719	2497.852	1	doublet	two	2	2	103	
206	Spectrogram 1	1	122.4275254	122.4640086	0	22050	0.0365	2411.719		2325.586	2411.719	2411.719	2497.852	2	doublet	two	2	2	103	
207	Spectrogram 1	1	124.9602021	124.9783217	0	22050	0.0181	2325.586		2153.32	2239.453	2325.586	2411.719	1	doublet	three	1	2	104	
208	Spectrogram 1	1	125.0210465	125.0633821	0	22050	0.0423	2325.586		2239.453	2325.586	2411.719	2497.852	2	doublet	three	1	2	104	
209	Spectrogram 1	1	125.2063035	125.2213635	0	22050	0.0151	2325.586		2067.188	2239.453	2411.719	2497.852	1	doublet	three	2	2	105	
210	Spectrogram 1	1	125.2652635	125.299748	0	22050	0.0345	2411.719		2325.586	2411.719	2497.852	2583.984	2	doublet	three	2	2	105	
211	Spectrogram 1	1	125.4673432	125.4828479	0	22050	0.0155	2325.586		2067.188	2239.453	2411.719	2497.852	1	doublet	three	3	2	106	
212	Spectrogram 1	1	125.5270051	125.5661468	0	22050	0.0391	2411.719		2239.453	2411.719	2497.852	2497.852	2	doublet	three	3	2	106	
213	Spectrogram 1	1	126.547162	126.5638055	0	22050	0.0166	2325.586		2153.32	2239.453	2325.586	2497.852	1	doublet	two	1	2	107	
214	Spectrogram 1	1	126.6070527	126.6486808	0	22050	0.0416	2411.719		2325.586	2411.719	2411.719	2497.852	2	doublet	two	1	2	107	
215	Spectrogram 1	1	126.7960328	126.8100145	0	22050	0.014	2411.719		1894.922	2325.586	2411.719	2497.852	1	doublet	two	2	2	108	
216	Spectrogram 1	1	126.8564424	126.8984504	0	22050	0.042	2411.719		2325.586	2411.719	2497.852	2497.852	2	doublet	two	2	2	108	
217	Spectrogram 1	1	128.0025376	128.0171708	0	22050	0.0146	2325.586		2153.32	2239.453	2325.586	2411.719	1	doublet	three	1	2	109	
218	Spectrogram 1	1	128.0712174	128.1157426	0	22050	0.0445	2325.586		2325.586	2325.586	2411.719	2497.852	2	doublet	three	1	2	109	
219	Spectrogram 1	1	128.2562303	128.2722262	0	22050	0.016	2325.586		2239.453	2325.586	2411.719	2411.719	1	doublet	three	2	2	110	
220	Spectrogram 1	1	128.3131913	128.346074	0	22050	0.0329	2411.719		2325.586	2411.719	2497.852	2583.984	2	doublet	three	2	2	110	
221	Spectrogram 1	1	128.5300645	128.5471854	0	22050	0.0171	2325.586		2239.453	2239.453	2325.586	2411.719	1	doublet	three	3	2	111	
222	Spectrogram 1	1	128.5906571	128.6260233	0	22050	0.0354	2411.719		2325.586	2411.719	2497.852	2497.852	2	doublet	three	3	2	111	
223	Spectrogram 1	1	130.2278031	130.2433061	0	22050	0.0155	2325.586		2153.32	2239.453	2325.586	2497.852	1	doublet	four	1	2	112	
224	Spectrogram 1	1	130.2914781	130.3361405	0	22050	0.0447	2411.719		2239.453	2325.586	2411.719	2497.852	2	doublet	four	1	2	112	
225	Spectrogram 1	1	130.4859666	130.5023813	0	22050	0.0164	2325.586		2239.453	2325.586	2411.719	2411.719	1	doublet	four	2	2	113	
226	Spectrogram 1	1	130.5517472	130.5885427	0	22050	0.0368	2411.719		2325.586	2411.719	2497.852	2497.852	2	doublet	four	2	2	113	
227	Spectrogram 1	1	130.76093	130.7762985	0	22050	0.0154	2325.586		2153.32	2239.453	2325.586	2497.852	1	doublet	four	3	2	114	
228	Spectrogram 1	1	130.8202256	130.8592423	0	22050	0.039	2411.719		2239.453	2411.719	2497.852	2497.852	2	doublet	four	3	2	114	
229	Spectrogram 1	1	131.0302323	131.0451837	0	22050	0.015	2325.586		2239.453	2325.586	2325.586	2411.719	1	doublet	four	4	2	115	
230	Spectrogram 1	1	131.0885972	131.1245932	0	22050	0.036	2411.719		2325.586	2411.719	2411.719	2497.852	2	doublet	four	4	2	115	
231	Spectrogram 1	1	133.7949723	133.8104295	0	22050	0.0155	2325.586		2239.453	2239.453	2325.586	2411.719	1	doublet	two	1	2	116	
232	Spectrogram 1	1	133.8651017	133.9111833	0	22050	0.0461	2411.719		2325.586	2325.586	2497.852	2497.852	2	doublet	two	1	2	116	
233	Spectrogram 1	1	134.0813188	134.097914	0	22050	0.0166	2325.586		2153.32	2239.453	2411.719	2497.852	1	doublet	two	2	2	117	
234	Spectrogram 1	1	134.1427049	134.1780747	0	22050	0.0354	2411.719		2325.586	2411.719	2411.719	2497.852	2	doublet	two	2	2	117	
235	Spectrogram 1	1	135.3619889	135.3768052	0	22050	0.0148	2325.586		2239.453	2239.453	2325.586	2411.719	1	doublet	two	1	2	118	
236	Spectrogram 1	1	135.4262742	135.4694108	0	22050	0.0431	2325.586		2239.453	2325.586	2411.719	2497.852	2	doublet	two	1	2	118	
237	Spectrogram 1	1	135.6943101	135.7121337	0	22050	0.0178	2325.586		2239.453	2239.453	2325.586	2411.719	1	doublet	two	2	2	119	
238	Spectrogram 1	1	135.7563676	135.7972485	0	22050	0.0409	2325.586		2325.586	2325.586	2411.719	2497.852	2	doublet	two	2	2	119	
239	Spectrogram 1	1	137.0384873	137.05309	0	22050	0.0146	2325.586		2239.453	2239.453	2325.586	2411.719	1	doublet	two	1	2	120	
240	Spectrogram 1	1	137.1070756	137.153264	0	22050	0.0462	2411.719		2239.453	2325.586	2497.852	2497.852	2	doublet	two	1	2	120	
241	Spectrogram 1	1	137.3483628	137.3643985	0	22050	0.016	2325.586		2239.453	2239.453	2325.586	2411.719	1	doublet	two	2	2	121	
242	Spectrogram 1	1	137.4092759	137.4454881	0	22050	0.0362	2411.719		2325.586	2411.719	2497.852	2497.852	2	doublet	two	2	2	121	
243	Spectrogram 1	1	138.8251237	138.8397148	0	22050	0.0146	2325.586		2153.32	2239.453	2411.719	2497.852	1	doublet	solo	0	2	122	
244	Spectrogram 1	1	138.8939713	138.9386796	0	22050	0.0447	2325.586		2239.453	2325.586	2411.719	2497.852	2	doublet	solo	0	2	122	
245	Spectrogram 1	1	139.98499	140.0028357	0	22050	0.0178	2325.586		2239.453	2325.586	2411.719	2497.852	1	doublet	three	1	2	123	
246	Spectrogram 1	1	140.0509233	140.0940599	0	22050	0.0431	2411.719		2325.586	2411.719	2497.852	2583.984	2	doublet	three	1	2	123	
247	Spectrogram 1	1	140.2557572	140.2714767	0	22050	0.0157	2325.586		2239.453	2325.586	2411.719	2411.719	1	doublet	three	2	2	124	
248	Spectrogram 1	1	140.3149613	140.3501328	0	22050	0.0352	2411.719		2325.586	2411.719	2497.852	2497.852	2	doublet	three	2	2	124	
249	Spectrogram 1	1	140.5063218	140.52201	0	22050	0.0157	2325.586		2239.453	2325.586	2411.719	2411.719	1	doublet	three	3	2	125	
250	Spectrogram 1	1	140.5622453	140.5980119	0	22050	0.0358	2411.719		2325.586	2411.719	2411.719	2497.852	2	doublet	three	3	2	125	
251	Spectrogram 1	1	141.8087815	141.8238572	0	22050	0.0151	2325.586		2153.32	2239.453	2411.719	2497.852	1	doublet	two	1	2	126	
252	Spectrogram 1	1	141.8738603	141.9199265	0	22050	0.0461	2411.719		2239.453	2411.719	2497.852	2583.984	2	doublet	two	1	2	126	
253	Spectrogram 1	1	142.0740861	142.08738	0	22050	0.0133	2325.586		2153.32	2325.586	2411.719	2497.852	1	doublet	two	2	2	127	
254	Spectrogram 1	1	142.1342362	142.1688496	0	22050	0.0346	2411.719		2325.586	2411.719	2497.852	2583.984	2	doublet	two	2	2	127	
255	Spectrogram 1	1	143.3538102	143.369954	0	22050	0.0161	2325.586		2153.32	2325.586	2411.719	2497.852	1	doublet	two	1	2	128	
256	Spectrogram 1	1	143.4241075	143.4655976	0	22050	0.0415	2411.719		2325.586	2411.719	2497.852	2497.852	2	doublet	two	1	2	128	
257	Spectrogram 1	1	143.6158494	143.6299485	0	22050	0.0141	2411.719		2239.453	2325.586	2411.719	2497.852	1	doublet	two	2	2	129	
258	Spectrogram 1	1	143.6752671	143.7100877	0	22050	0.0348	2411.719		2325.586	2411.719	2497.852	2497.852	2	doublet	two	2	2	129	
259	Spectrogram 1	1	145.0864915	145.1024674	0	22050	0.016	2325.586		2239.453	2325.586	2411.719	2411.719	1	doublet	three	1	2	130	
260	Spectrogram 1	1	145.1504258	145.1935319	0	22050	0.0431	2411.719		2325.586	2411.719	2497.852	2497.852	2	doublet	three	1	2	130	
261	Spectrogram 1	1	145.3365983	145.3504533	0	22050	0.0139	2411.719		2153.32	2325.586	2411.719	2497.852	1	doublet	three	2	2	131	
262	Spectrogram 1	1	145.395894	145.4313831	0	22050	0.0355	2411.719		2325.586	2411.719	2497.852	2583.984	2	doublet	three	2	2	131	
263	Spectrogram 1	1	145.5923966	145.6065721	0	22050	0.0142	2325.586		2153.32	2325.586	2411.719	2497.852	1	doublet	three	3	2	132	
264	Spectrogram 1	1	145.6507463	145.6886328	0	22050	0.0379	2411.719		2325.586	2411.719	2497.852	2497.852	2	doublet	three	3	2	132	
265	Spectrogram 1	1	146.5953111	146.6110276	0	22050	0.0157	2325.586		2239.453	2325.586	2325.586	2411.719	1	doublet	three	1	2	133	
266	Spectrogram 1	1	146.6567735	146.6991302	0	22050	0.0424	2411.719		2239.453	2411.719	2497.852	2497.852	2	doublet	three	1	2	133	
267	Spectrogram 1	1	146.8394975	146.853444	0	22050	0.0139	2325.586		2239.453	2325.586	2411.719	2497.852	1	doublet	three	2	2	134	
268	Spectrogram 1	1	146.8993882	146.9383209	0	22050	0.0389	2411.719		2325.586	2411.719	2497.852	2583.984	2	doublet	three	2	2	134	
269	Spectrogram 1	1	147.0959825	147.1102952	0	22050	0.0143	2325.586		2153.32	2325.586	2411.719	2497.852	1	doublet	three	3	2	135	
270	Spectrogram 1	1	147.1553086	147.1932944	0	22050	0.038	2411.719		2325.586	2411.719	2497.852	2583.984	2	doublet	three	3	2	135	
271	Spectrogram 1	1	148.3801621	148.395604	0	22050	0.0154	2325.586		2153.32	2239.453	2325.586	2497.852	1	doublet	two	1	2	136	
272	Spectrogram 1	1	148.4446916	148.4919814	0	22050	0.0473	2411.719		2239.453	2325.586	2411.719	2497.852	2	doublet	two	1	2	136	
273	Spectrogram 1	1	148.6467179	148.6623764	0	22050	0.0157	2325.586		2153.32	2239.453	2411.719	2497.852	1	doublet	two	2	2	137	
274	Spectrogram 1	1	148.7106828	148.745778	0	22050	0.0351	2411.719		2325.586	2411.719	2497.852	2497.852	2	doublet	two	2	2	137	
275	Spectrogram 1	1	150.4929551	150.5087785	0	22050	0.0158	2325.586		2153.32	2239.453	2411.719	2497.852	1	doublet	two	1	2	138	
276	Spectrogram 1	1	150.5606278	150.6078159	0	22050	0.0472	2325.586		2239.453	2325.586	2411.719	2497.852	2	doublet	two	1	2	138	
277	Spectrogram 1	1	150.8063706	150.8218968	0	22050	0.0155	2325.586		2153.32	2325.586	2411.719	2497.852	1	doublet	two	2	2	139	
278	Spectrogram 1	1	150.8664903	150.9069583	0	22050	0.0405	2411.719		2325.586	2411.719	2497.852	2497.852	2	doublet	two	2	2	139	
279	Spectrogram 1	1	154.7386827	154.7559251	0	22050	0.0172	2325.586		2239.453	2239.453	2325.586	2411.719	1	doublet	solo	0	2	140	
280	Spectrogram 1	1	154.8318528	154.8769945	0	22050	0.0451	2411.719		2325.586	2411.719	2411.719	2497.852	2	doublet	solo	0	2	140	
281	Spectrogram 1	1	156.3181352	156.333394	0	22050	0.0153	2325.586		2239.453	2325.586	2325.586	2411.719	1	doublet	solo	0	2	141	
282	Spectrogram 1	1	156.3797044	156.4232224	0	22050	0.0435	2411.719		2239.453	2411.719	2497.852	2583.984	2	doublet	solo	0	2	141	
283	Spectrogram 1	1	170.6805924	170.6973313	0	22050	0.0167	2239.453		2153.32	2239.453	2325.586	2325.586	1	doublet	solo	0	3	142	
284	Spectrogram 1	1	170.7653092	170.8107499	0	22050	0.0454	2411.719		2239.453	2411.719	2497.852	2583.984	2	doublet	solo	0	3	142	
285	Spectrogram 1	1	172.3221482	172.3367356	0	22050	0.0146	2325.586		2239.453	2325.586	2325.586	2411.719	1	doublet	solo	0	3	143	
286	Spectrogram 1	1	172.397664	172.4435319	0	22050	0.0459	2411.719		2325.586	2411.719	2497.852	2583.984	2	doublet	solo	0	3	143	
287	Spectrogram 1	1	174.0794114	174.0937852	0	22050	0.0144	2325.586		2153.32	2239.453	2411.719	2583.984	1	doublet	solo	0	3	144	
288	Spectrogram 1	1	174.1557817	174.2030992	0	22050	0.0473	2411.719		2325.586	2411.719	2497.852	2583.984	2	doublet	solo	0	3	144	
289	Spectrogram 1	1	175.7793168	175.7941331	0	22050	0.0148	2325.586		2239.453	2325.586	2411.719	2583.984	1	doublet	solo	0	3	145	
290	Spectrogram 1	1	175.8542375	175.899434	0	22050	0.0452	2411.719		2239.453	2325.586	2411.719	2497.852	2	doublet	solo	0	3	145	
291	Spectrogram 1	1	179.4403123	179.4555558	0	22050	0.0152	2239.453		2153.32	2239.453	2325.586	2411.719	1	doublet	solo	0	3	146	
292	Spectrogram 1	1	179.5129746	179.559153	0	22050	0.0462	2325.586		2153.32	2239.453	2411.719	2497.852	2	doublet	solo	0	3	146	
293	Spectrogram 1	1	180.9740342	180.990163	0	22050	0.0161	2325.586		2239.453	2325.586	2411.719	2497.852	1	doublet	solo	0	3	147	
294	Spectrogram 1	1	181.047368	181.0963487	0	22050	0.049	2411.719		2325.586	2411.719	2497.852	2497.852	2	doublet	solo	0	3	147	
295	Spectrogram 1	1	182.7189378	182.7327928	0	22050	0.0139	2325.586		2239.453	2239.453	2325.586	2411.719	1	doublet	two	1	3	148	
296	Spectrogram 1	1	182.7907456	182.8406571	0	22050	0.0499	2411.719		2239.453	2411.719	2497.852	2583.984	2	doublet	two	1	3	148	
297	Spectrogram 1	1	183.0000657	183.0148057	0	22050	0.0147	2325.586		2239.453	2239.453	2411.719	2497.852	1	doublet	two	2	3	149	
298	Spectrogram 1	1	183.0602769	183.0977525	0	22050	0.0375	2411.719		2239.453	2325.586	2411.719	2497.852	2	doublet	two	2	3	149	
301	Spectrogram 1	1	186.6185502	186.6338548	0	22050	0.0153	2239.453		2153.32	2239.453	2325.586	2497.852	3	solo	two	1	3	152	
302	Spectrogram 1	1	186.6835984	186.7326554	0	22050	0.0491	2325.586		2239.453	2325.586	2411.719	2497.852	3	solo	two	2	3	152	
303	Spectrogram 1	1	189.0499772	189.0658535	0	22050	0.0159	2325.586		2153.32	2239.453	2325.586	2497.852	1	doublet	solo	0	3	153	
304	Spectrogram 1	1	189.1120194	189.1527146	0	22050	0.0407	2325.586		2239.453	2325.586	2411.719	2497.852	2	doublet	solo	0	3	153	
305	Spectrogram 1	1	190.5289964	190.5449876	0	22050	0.016	2325.586		2239.453	2239.453	2411.719	2497.852	1	doublet	solo	0	3	154	
306	Spectrogram 1	1	190.5927018	190.6340989	0	22050	0.0414	2411.719		2239.453	2325.586	2411.719	2497.852	2	doublet	solo	0	3	154	
307	Spectrogram 1	1	190.7953996	190.8094377	0	22050	0.014	2325.586		2153.32	2325.586	2411.719	2497.852	1	doublet	two	1	3	155	
308	Spectrogram 1	1	190.8543748	190.8885087	0	22050	0.0341	2411.719		2325.586	2411.719	2497.852	2497.852	2	doublet	two	1	3	155	
309	Spectrogram 1	1	192.0543717	192.0706834	0	22050	0.0163	2239.453		2153.32	2239.453	2325.586	2325.586	1	doublet	two	2	3	156	
310	Spectrogram 1	1	192.1169786	192.1664454	0	22050	0.0495	2325.586		2239.453	2325.586	2411.719	2497.852	2	doublet	two	2	3	156	
311	Spectrogram 1	1	192.3045854	192.318776	0	22050	0.0142	2325.586		2239.453	2325.586	2411.719	2497.852	1	doublet	two	1	3	157	
312	Spectrogram 1	1	192.3649644	192.3970536	0	22050	0.0321	2411.719		2325.586	2411.719	2497.852	2583.984	2	doublet	two	1	3	157	
313	Spectrogram 1	1	193.3384294	193.3529252	0	22050	0.0145	2325.586		2153.32	2239.453	2325.586	2497.852	1	doublet	two	2	3	158	
314	Spectrogram 1	1	193.401677	193.4470262	0	22050	0.0453	2411.719		2325.586	2325.586	2411.719	2497.852	2	doublet	two	2	3	158	
315	Spectrogram 1	1	193.6015214	193.6174164	0	22050	0.0159	2325.586		2153.32	2239.453	2411.719	2497.852	1	doublet	three	1	3	159	
316	Spectrogram 1	1	193.6614121	193.6979185	0	22050	0.0365	2411.719		2325.586	2411.719	2497.852	2497.852	2	doublet	three	1	3	159	
317	Spectrogram 1	1	193.8560075	193.8708543	0	22050	0.0148	2325.586		2067.188	2239.453	2325.586	2497.852	1	doublet	three	2	3	160	
318	Spectrogram 1	1	193.917714	193.9586932	0	22050	0.041	2411.719		2325.586	2411.719	2411.719	2497.852	2	doublet	three	2	3	160	
319	Spectrogram 1	1	195.6752366	195.6909226	0	22050	0.0157	2325.586		2239.453	2325.586	2411.719	2411.719	1	doublet	three	3	3	161	
320	Spectrogram 1	1	195.7535447	195.8015031	0	22050	0.048	2411.719		2325.586	2411.719	2497.852	2583.984	2	doublet	three	3	3	161	
321	Spectrogram 1	1	195.965413	195.9819056	0	22050	0.0165	2325.586		2239.453	2325.586	2411.719	2411.719	1	doublet	two	1	3	162	
322	Spectrogram 1	1	196.0259446	196.0615586	0	22050	0.0356	2411.719		2325.586	2411.719	2497.852	2497.852	2	doublet	two	1	3	162	
323	Spectrogram 1	1	197.1709794	197.1853684	0	22050	0.0144	2325.586		2153.32	2239.453	2411.719	2583.984	1	doublet	two	2	3	163	
324	Spectrogram 1	1	197.2422685	197.2899369	0	22050	0.0477	2325.586		2325.586	2411.719	2497.852	2497.852	2	doublet	two	2	3	163	
325	Spectrogram 1	1	197.438054	197.4530686	0	22050	0.015	2325.586		2153.32	2239.453	2411.719	2497.852	1	doublet	two	1	3	164	
326	Spectrogram 1	1	197.4979295	197.5340654	0	22050	0.0361	2411.719		2325.586	2411.719	2497.852	2497.852	2	doublet	two	1	3	164	
327	Spectrogram 1	1	198.9032487	198.9195298	0	22050	0.0163	2325.586		2239.453	2325.586	2411.719	2411.719	1	doublet	two	2	3	165	
328	Spectrogram 1	1	198.9710893	199.0139512	0	22050	0.0429	2411.719		2325.586	2411.719	2497.852	2583.984	2	doublet	two	2	3	165	
329	Spectrogram 1	1	199.186284	199.2031827	0	22050	0.0169	2325.586		2153.32	2325.586	2411.719	2497.852	1	doublet	two	1	3	166	
330	Spectrogram 1	1	199.2452439	199.2850142	0	22050	0.0398	2411.719		2325.586	2411.719	2497.852	2497.852	2	doublet	two	1	3	166	
331	Spectrogram 1	1	200.6520127	200.6669663	0	22050	0.015	2325.586		2153.32	2239.453	2325.586	2411.719	1	doublet	two	2	3	167	
332	Spectrogram 1	1	200.7108201	200.7559821	0	22050	0.0452	2325.586		2239.453	2325.586	2411.719	2497.852	2	doublet	two	2	3	167	
333	Spectrogram 1	1	202.3295945	202.3457383	0	22050	0.0161	2239.453		2153.32	2239.453	2325.586	2411.719	1	doublet	solo	0	3	168	
334	Spectrogram 1	1	202.3927659	202.4310044	0	22050	0.0382	2325.586		2239.453	2325.586	2411.719	2497.852	2	doublet	solo	0	3	168	
335	Spectrogram 1	1	202.6089067	202.6236924	0	22050	0.0148	2325.586		2153.32	2239.453	2325.586	2411.719	1	doublet	two	1	3	169	
336	Spectrogram 1	1	202.6691636	202.704946	0	22050	0.0358	2411.719		2239.453	2325.586	2411.719	2497.852	2	doublet	two	1	3	169	
337	Spectrogram 1	1	204.3919572	204.4099114	0	22050	0.018	2239.453		2067.188	2153.32	2239.453	2411.719	1	doublet	two	2	3	170	
338	Spectrogram 1	1	204.4863786	204.5321549	0	22050	0.0458	2325.586		2239.453	2325.586	2411.719	2497.852	2	doublet	two	2	3	170	
339	Spectrogram 1	1	204.6815843	204.6978251	0	22050	0.0162	2325.586		2153.32	2239.453	2325.586	2497.852	1	doublet	two	1	3	171	
340	Spectrogram 1	1	204.7408799	204.7770888	0	22050	0.0362	2411.719		2239.453	2325.586	2411.719	2497.852	2	doublet	two	1	3	171	
341	Spectrogram 1	1	206.3207902	206.336873	0	22050	0.0161	2325.586		2153.32	2239.453	2325.586	2497.852	1	doublet	two	2	3	172	
342	Spectrogram 1	1	206.3843125	206.4265794	0	22050	0.0423	2325.586		2239.453	2325.586	2411.719	2497.852	2	doublet	two	2	3	172	
343	Spectrogram 1	1	206.5945329	206.6108339	0	22050	0.0163	2325.586		2239.453	2239.453	2325.586	2411.719	1	doublet	two	1	3	173	
344	Spectrogram 1	1	206.6552629	206.6929095	0	22050	0.0376	2411.719		2239.453	2325.586	2411.719	2497.852	2	doublet	two	1	3	173	
345	Spectrogram 1	1	207.8826951	207.8979539	0	22050	0.0153	2239.453		2153.32	2239.453	2325.586	2325.586	1	doublet	two	2	3	174	
346	Spectrogram 1	1	207.951024	207.9957627	0	22050	0.0447	2325.586		2239.453	2325.586	2411.719	2497.852	2	doublet	two	2	3	174	
347	Spectrogram 1	1	208.1424302	208.1581565	0	22050	0.0157	2325.586		2067.188	2239.453	2411.719	2497.852	1	doublet	two	1	3	175	
348	Spectrogram 1	1	208.2037858	208.2395369	0	22050	0.0358	2411.719		2325.586	2325.586	2411.719	2497.852	2	doublet	two	1	3	175	
349	Spectrogram 1	1	209.3154649	209.3313645	0	22050	0.0159	2325.586		2153.32	2239.453	2411.719	2497.852	1	doublet	two	2	3	176	
350	Spectrogram 1	1	209.3916368	209.4380788	0	22050	0.0464	2411.719		2239.453	2325.586	2497.852	2497.852	2	doublet	two	2	3	176	
351	Spectrogram 1	1	209.5925645	209.6086146	0	22050	0.0161	2325.586		2153.32	2239.453	2411.719	2497.852	1	doublet	two	1	3	177	
352	Spectrogram 1	1	209.652974	209.6904079	0	22050	0.0374	2411.719		2325.586	2411.719	2411.719	2497.852	2	doublet	two	1	3	177	
353	Spectrogram 1	1	211.4049424	211.4191037	0	22050	0.0142	2325.586		2153.32	2239.453	2411.719	2497.852	1	doublet	two	2	3	178	
354	Spectrogram 1	1	211.4679612	211.5134759	0	22050	0.0455	2325.586		2239.453	2325.586	2411.719	2497.852	2	doublet	two	2	3	178	
355	Spectrogram 1	1	212.8609513	212.8766374	0	22050	0.0157	2325.586		2153.32	2239.453	2325.586	2497.852	1	doublet	solo	0	3	179	
356	Spectrogram 1	1	212.9476823	212.9920499	0	22050	0.0444	2325.586		2239.453	2325.586	2411.719	2497.852	2	doublet	solo	0	3	179	
357	Spectrogram 1	1	214.7368211	214.7527055	0	22050	0.0159	2325.586		2153.32	2239.453	2411.719	2497.852	1	doublet	solo	0	3	180	
358	Spectrogram 1	1	214.8028764	214.8438767	0	22050	0.041	2411.719		2325.586	2411.719	2411.719	2497.852	2	doublet	solo	0	3	180	
359	Spectrogram 1	1	214.997136	215.0107774	0	22050	0.0136	2325.586		2153.32	2325.586	2411.719	2497.852	1	doublet	two	1	3	181	
360	Spectrogram 1	1	215.0564927	215.0901383	0	22050	0.0336	2411.719		2325.586	2411.719	2497.852	2583.984	2	doublet	two	1	3	181	
361	Spectrogram 1	1	216.2787522	216.2947129	0	22050	0.016	2325.586		2239.453	2325.586	2411.719	2497.852	1	doublet	two	2	3	182	
362	Spectrogram 1	1	216.3453111	216.3868302	0	22050	0.0415	2411.719		2239.453	2411.719	2497.852	2497.852	2	doublet	two	2	3	182	
363	Spectrogram 1	1	216.5743608	216.5896348	0	22050	0.0153	2325.586		2239.453	2325.586	2325.586	2411.719	1	doublet	two	1	3	183	
364	Spectrogram 1	1	216.6335343	216.6718694	0	22050	0.0383	2411.719		2325.586	2411.719	2497.852	2497.852	2	doublet	two	1	3	183	
365	Spectrogram 1	1	217.8320817	217.8482692	0	22050	0.0162	2325.586		2153.32	2239.453	2325.586	2497.852	1	doublet	two	2	3	184	
366	Spectrogram 1	1	217.8969163	217.9425096	0	22050	0.0456	2325.586		2325.586	2325.586	2411.719	2497.852	2	doublet	two	2	3	184	
367	Spectrogram 1	1	218.0914048	218.1058702	0	22050	0.0145	2325.586		2153.32	2325.586	2411.719	2497.852	1	doublet	two	1	3	185	
368	Spectrogram 1	1	218.1505937	218.1856674	0	22050	0.0351	2411.719		2325.586	2411.719	2497.852	2583.984	2	doublet	two	1	3	185	
369	Spectrogram 1	1	221.0723771	221.0889503	0	22050	0.0166	2325.586		2239.453	2239.453	2325.586	2411.719	1	doublet	two	2	3	186	
370	Spectrogram 1	1	221.1330003	221.1727189	0	22050	0.0397	2325.586		2239.453	2325.586	2411.719	2497.852	2	doublet	two	2	3	186	
371	Spectrogram 1	1	222.3411302	222.3556413	0	22050	0.0145	2325.586		2067.188	2239.453	2411.719	2497.852	1	doublet	solo	0	3	187	
372	Spectrogram 1	1	222.4157151	222.4567307	0	22050	0.041	2411.719		2239.453	2325.586	2497.852	2497.852	2	doublet	solo	0	3	187	
373	Spectrogram 1	1	222.6330613	222.6480454	0	22050	0.015	2325.586		2239.453	2325.586	2411.719	2411.719	1	doublet	two	1	3	188	
374	Spectrogram 1	1	222.6924943	222.7290982	0	22050	0.0366	2411.719		2325.586	2411.719	2497.852	2497.852	2	doublet	two	1	3	188	
375	Spectrogram 1	1	224.3419694	224.3582145	0	22050	0.0162	2325.586		2239.453	2239.453	2325.586	2411.719	1	doublet	two	2	3	189	
376	Spectrogram 1	1	224.4049729	224.4484147	0	22050	0.0434	2325.586		2325.586	2325.586	2411.719	2497.852	2	doublet	two	2	3	189	
377	Spectrogram 1	1	224.6508836	224.6676263	0	22050	0.0167	2325.586		2153.32	2239.453	2411.719	2497.852	1	doublet	two	1	3	190	
378	Spectrogram 1	1	224.7107743	224.7475435	0	22050	0.0368	2411.719		2239.453	2411.719	2497.852	2497.852	2	doublet	two	1	3	190	
379	Spectrogram 1	1	226.6561021	226.6735943	0	22050	0.0175	2239.453		2153.32	2239.453	2325.586	2325.586	1	doublet	two	2	3	191	
380	Spectrogram 1	1	226.7181138	226.7606553	0	22050	0.0425	2325.586		2239.453	2325.586	2411.719	2497.852	2	doublet	two	2	3	191	
381	Spectrogram 1	1	226.967595	226.9825791	0	22050	0.015	2325.586		2153.32	2239.453	2411.719	2497.852	1	doublet	two	1	3	192	
382	Spectrogram 1	1	227.0294541	227.069249	0	22050	0.0398	2411.719		2325.586	2411.719	2411.719	2497.852	2	doublet	two	1	3	192	
383	Spectrogram 1	1	228.2911729	228.3060502	0	22050	0.0149	2325.586		2153.32	2239.453	2325.586	2497.852	1	doublet	two	2	3	193	
384	Spectrogram 1	1	228.3539475	228.3997122	0	22050	0.0458	2325.586		2239.453	2325.586	2411.719	2497.852	2	doublet	two	2	3	193	
385	Spectrogram 1	1	228.5620469	228.5764359	0	22050	0.0144	2325.586		2239.453	2325.586	2411.719	2411.719	1	doublet	two	1	3	194	
386	Spectrogram 1	1	228.6214341	228.6562069	0	22050	0.0348	2411.719		2325.586	2411.719	2497.852	2497.852	2	doublet	two	1	3	194	
387	Spectrogram 1	1	230.0870561	230.1015214	0	22050	0.0145	2325.586		2239.453	2239.453	2325.586	2411.719	1	doublet	two	2	3	195	
388	Spectrogram 1	1	230.1583604	230.2048081	0	22050	0.0464	2325.586		2239.453	2325.586	2497.852	2497.852	2	doublet	two	2	3	195	
389	Spectrogram 1	1	230.3748979	230.3906021	0	22050	0.0157	2325.586		2153.32	2325.586	2411.719	2497.852	1	doublet	two	1	3	196	
390	Spectrogram 1	1	230.4350328	230.4701585	0	22050	0.0351	2411.719		2325.586	2411.719	2497.852	2497.852	2	doublet	two	1	3	196	
391	Spectrogram 1	1	231.662114	231.6793011	0	22050	0.0172	2239.453		2153.32	2239.453	2325.586	2411.719	1	doublet	two	2	3	197	
392	Spectrogram 1	1	231.7228135	231.7666589	0	22050	0.0438	2325.586		2239.453	2325.586	2411.719	2497.852	2	doublet	two	2	3	197	
393	Spectrogram 1	1	231.9442185	231.9585095	0	22050	0.0143	2325.586		2239.453	2325.586	2411.719	2411.719	1	doublet	two	1	3	198	
394	Spectrogram 1	1	232.004506	232.0391892	0	22050	0.0347	2411.719		2325.586	2411.719	2497.852	2497.852	2	doublet	two	1	3	198	
395	Spectrogram 1	1	234.118596	234.1338483	0	22050	0.0153	2325.586		2153.32	2239.453	2325.586	2497.852	1	doublet	two	2	3	199	
396	Spectrogram 1	1	234.1851853	234.231862	0	22050	0.0467	2325.586		2239.453	2325.586	2411.719	2497.852	2	doublet	two	2	3	199	
397	Spectrogram 1	1	234.3965501	234.4125434	0	22050	0.016	2325.586		2239.453	2325.586	2411.719	2497.852	1	doublet	two	1	3	200	
398	Spectrogram 1	1	234.4558457	234.4896134	0	22050	0.0338	2411.719		2325.586	2411.719	2497.852	2497.852	2	doublet	two	1	3	200	
399	Spectrogram 1	1	236.379094	236.3934678	0	22050	0.0144	2325.586		2153.32	2239.453	2411.719	2497.852	1	doublet	two	2	3	201	
400	Spectrogram 1	1	236.4424485	236.4859666	0	22050	0.0435	2411.719		2239.453	2325.586	2497.852	2497.852	2	doublet	two	2	3	201	
401	Spectrogram 1	1	236.6692246	236.6860505	0	22050	0.0168	2325.586		2153.32	2239.453	2325.586	2497.852	1	doublet	two	1	3	202	
402	Spectrogram 1	1	236.731038	236.7732676	0	22050	0.0422	2411.719		2325.586	2411.719	2411.719	2497.852	2	doublet	two	1	3	202	
403	Spectrogram 1	1	238.8410844	238.8559007	0	22050	0.0148	2325.586		2239.453	2239.453	2325.586	2411.719	1	doublet	two	2	3	203	
404	Spectrogram 1	1	238.916829	238.9618424	0	22050	0.045	2411.719		2325.586	2411.719	2497.852	2497.852	2	doublet	two	2	3	203	
405	Spectrogram 1	1	239.1223649	239.1371659	0	22050	0.0148	2325.586		2153.32	2239.453	2411.719	2497.852	1	doublet	two	1	3	204	
406	Spectrogram 1	1	239.1817979	239.2177049	0	22050	0.0359	2411.719		2325.586	2411.719	2497.852	2583.984	2	doublet	two	1	3	204	
407	Spectrogram 1	1	240.7057542	240.7202043	0	22050	0.0145	2325.586		2239.453	2239.453	2325.586	2411.719	1	doublet	two	2	3	205	
408	Spectrogram 1	1	240.7711534	240.8146104	0	22050	0.0435	2411.719		2239.453	2325.586	2411.719	2497.852	2	doublet	two	2	3	205	
299	Spectrogram 1	1	184.4279677	184.5252166	0	22050	0.0972	2325.586		2153.32	2239.453	2325.586	2411.719	1	doublet	solo	0	3	150	could be one
300	Spectrogram 1	1	184.7662101	184.8625358	0	22050	0.0963	2325.586		2153.32	2239.453	2325.586	2411.719	2	doublet	solo	0	3	151	could be two
1	Waveform 1	1	1.401632691	1.418589132	0	22050	0.017		19567					1	doublet	solo	0	1	1	
2	Waveform 1	1	1.461065794	1.499702096	0	22050	0.0386		25822					2	doublet	solo	0	1	1	
3	Waveform 1	1	4.796054269	4.811390932	0	22050	0.0153		20990					1	doublet	solo	0	1	2	
4	Waveform 1	1	4.858163262	4.897079717	0	22050	0.0389		26625					2	doublet	solo	0	1	2	
5	Waveform 1	1	6.790226842	6.811613813	0	22050	0.0214		10315					1	doublet	solo	0	1	3	
6	Waveform 1	1	6.893990899	6.934430443	0	22050	0.0404		27446					2	doublet	solo	0	1	3	
7	Waveform 1	1	8.417687322	8.43387785	0	22050	0.0162		26167					1	doublet	two	1	1	4	
8	Waveform 1	1	8.487754727	8.531208135	0	22050	0.0435		29170					2	doublet	two	1	1	4	
9	Waveform 1	1	8.695215131	8.709347655	0	22050	0.0141		26203					1	doublet	two	2	1	5	
10	Waveform 1	1	8.758004094	8.79145136	0	22050	0.0334		27171					2	doublet	two	2	1	5	
11	Waveform 1	1	10.85902491	10.8748122	0	22050	0.0158		25741					1	doublet	two	1	1	6	
12	Waveform 1	1	10.92807284	10.97273003	0	22050	0.0447		28760					2	doublet	two	1	1	6	
13	Waveform 1	1	11.13113394	11.14532348	0	22050	0.0142		26856					1	doublet	two	2	1	7	
14	Waveform 1	1	11.19204035	11.22650326	0	22050	0.0345		27497					2	doublet	two	2	1	7	
15	Waveform 1	1	12.41668978	12.42976872	0	22050	0.0131		26922					1	doublet	three	1	1	8	
16	Waveform 1	1	12.48641768	12.53437605	0	22050	0.048		29208					2	doublet	three	1	1	8	
17	Waveform 1	1	12.68845835	12.70218108	0	22050	0.0137		26417					1	doublet	three	2	1	9	
18	Waveform 1	1	12.74698439	12.78099814	0	22050	0.034		27974					2	doublet	three	2	1	9	
19	Waveform 1	1	13.01637163	13.03189791	0	22050	0.0155		25482					1	doublet	three	3	1	10	
20	Waveform 1	1	13.08419504	13.1195688	0	22050	0.0354		26002					2	doublet	three	3	1	10	
21	Waveform 1	1	14.73514738	14.75022688	0	22050	0.0151		27229					1	doublet	two	1	1	11	
22	Waveform 1	1	14.80879774	14.85378637	0	22050	0.045		29003					2	doublet	two	1	1	11	
23	Waveform 1	1	15.01000013	15.02585565	0	22050	0.0159		26685					1	doublet	two	2	1	12	
24	Waveform 1	1	15.07138338	15.10848463	0	22050	0.0371		27510					2	doublet	two	2	1	12	
25	Waveform 1	1	16.28605356	16.30294414	0	22050	0.0169		26836					1	doublet	two	1	1	13	
26	Waveform 1	1	16.34940996	16.39086237	0	22050	0.0415		28515					2	doublet	two	1	1	13	
27	Waveform 1	1	16.53777781	16.55192652	0	22050	0.0141		25451					1	doublet	two	2	1	14	
28	Waveform 1	1	16.59811869	16.63303843	0	22050	0.0349		27714					2	doublet	two	2	1	14	
29	Waveform 1	1	18.60947886	18.6250104	0	22050	0.0155		27120					1	doublet	solo	0	1	15	
30	Waveform 1	1	18.67462626	18.71648493	0	22050	0.0419		28324					2	doublet	solo	0	1	15	
31	Waveform 1	1	20.66841211	20.68360605	0	22050	0.0152		27153					1	doublet	two	1	1	16	
32	Waveform 1	1	20.74260798	20.78943339	0	22050	0.0468		29045					2	doublet	two	1	1	16	
33	Waveform 1	1	20.93984118	20.95514765	0	22050	0.0153		27005					1	doublet	two	2	1	17	
34	Waveform 1	1	21.00496569	21.0421094	0	22050	0.0371		27804					2	doublet	two	2	1	17	
35	Waveform 1	1	23.14898005	23.16405954	0	22050	0.0151		25651					1	doublet	two	1	1	18	
36	Waveform 1	1	23.21072474	23.25510111	0	22050	0.0444		28510					2	doublet	two	1	1	18	
37	Waveform 1	1	23.42206278	23.43811088	0	22050	0.016		26534					1	doublet	two	2	1	19	
38	Waveform 1	1	23.48240366	23.52059677	0	22050	0.0382		27324					2	doublet	two	2	1	19	
39	Waveform 1	1	24.67034044	24.68632593	0	22050	0.016		25062					1	doublet	solo	0	1	20	
40	Waveform 1	1	24.73435297	24.77698412	0	22050	0.0426		28286					2	doublet	solo	0	1	20	
41	Waveform 1	1	26.32555475	26.34220583	0	22050	0.0167		25628					1	doublet	two	1	1	21	
42	Waveform 1	1	26.39553347	26.43664446	0	22050	0.0411		27862					2	doublet	two	1	1	21	
43	Waveform 1	1	26.59192743	26.60679314	0	22050	0.0149		23371					1	doublet	two	2	1	22	
44	Waveform 1	1	26.65222254	26.68704066	0	22050	0.0348		25389					2	doublet	two	2	1	22	
45	Waveform 1	1	28.06886568	28.08545954	0	22050	0.0166		24381					1	doublet	two	1	1	23	
46	Waveform 1	1	28.13492098	28.17763834	0	22050	0.0427		28169					2	doublet	two	1	1	23	
47	Waveform 1	1	28.33367434	28.34856251	0	22050	0.0149		21991					1	doublet	two	2	1	24	
48	Waveform 1	1	28.392064	28.42449216	0	22050	0.0324		25444					2	doublet	two	2	1	24	
49	Waveform 1	1	29.62639513	29.6411561	0	22050	0.0148		25479					1	doublet	two	1	1	25	
50	Waveform 1	1	29.687642	29.72959223	0	22050	0.042		28104					2	doublet	two	1	1	25	
51	Waveform 1	1	29.88752833	29.90317928	0	22050	0.0157		23390					1	doublet	two	2	1	26	
52	Waveform 1	1	29.94632616	29.98351136	0	22050	0.0372		26678					2	doublet	two	2	1	26	
53	Waveform 1	1	31.15789118	31.1753166	0	22050	0.0174		23485					1	doublet	three	1	1	27	
54	Waveform 1	1	31.22070208	31.26253977	0	22050	0.0418		27832					2	doublet	three	1	1	27	
55	Waveform 1	1	31.4100236	31.42387667	0	22050	0.0139		23611					1	doublet	three	2	1	28	
56	Waveform 1	1	31.46872988	31.50097551	0	22050	0.0322		25154					2	doublet	three	2	1	28	
57	Waveform 1	1	31.66210833	31.67699692	0	22050	0.0149		22083					1	doublet	three	3	1	29	
58	Waveform 1	1	31.72278872	31.75866376	0	22050	0.0359		24962					2	doublet	three	3	1	29	
59	Waveform 1	1	33.25170221	33.26721277	0	22050	0.0155		25328					1	doublet	two	1	1	30	
60	Waveform 1	1	33.32217875	33.36492243	0	22050	0.0427		28302					2	doublet	two	1	1	30	
61	Waveform 1	1	33.52376261	33.53916358	0	22050	0.0154		23925					1	doublet	two	2	1	31	
62	Waveform 1	1	33.5835618	33.61695803	0	22050	0.0334		24797					2	doublet	two	2	1	31	
63	Waveform 1	1	35.02301493	35.03921193	0	22050	0.0162		24981					1	doublet	solo	0	1	32	
64	Waveform 1	1	35.09387674	35.13752833	0	22050	0.0437		28125					2	doublet	solo	0	1	32	
65	Waveform 1	1	36.47911539	36.49505701	0	22050	0.0159		26232					1	doublet	two	1	1	33	
66	Waveform 1	1	36.54911509	36.58900156	0	22050	0.0399		27571					2	doublet	two	1	1	33	
67	Waveform 1	1	36.75043192	36.76537637	0	22050	0.0149		22821					1	doublet	two	2	1	34	
68	Waveform 1	1	36.81031885	36.84338336	0	22050	0.0331		22579					2	doublet	two	2	1	34	
69	Waveform 1	1	38.02945414	38.04437723	0	22050	0.0149		24750					1	doublet	two	1	1	35	
70	Waveform 1	1	38.09519282	38.13800516	0	22050	0.0428		28108					2	doublet	two	1	1	35	
71	Waveform 1	1	38.28961268	38.30407008	0	22050	0.0145		23258					1	doublet	two	2	1	36	
72	Waveform 1	1	38.34891215	38.38502262	0	22050	0.0361		26305					2	doublet	two	2	1	36	
73	Waveform 1	1	39.64385309	39.65938654	0	22050	0.0155		26701					1	doublet	two	1	1	37	
74	Waveform 1	1	39.71113291	39.75381731	0	22050	0.0427		27898					2	doublet	two	1	1	37	
75	Waveform 1	1	39.91453638	39.92823115	0	22050	0.0137		24524					1	doublet	two	2	1	38	
76	Waveform 1	1	39.98170176	40.01692872	0	22050	0.0352		23938					2	doublet	two	2	1	38	
77	Waveform 1	1	41.03228846	41.04875929	0	22050	0.0165		24285					1	doublet	three	1	1	39	
78	Waveform 1	1	41.09444513	41.13684931	0	22050	0.0424		28278					2	doublet	three	1	1	39	
79	Waveform 1	1	41.28523722	41.2966789	0	22050	0.0114		22286					1	doublet	three	2	1	40	
80	Waveform 1	1	41.34319773	41.37659437	0	22050	0.0334		21151					2	doublet	three	2	1	40	
81	Waveform 1	1	41.54249277	41.55630198	0	22050	0.0138		22745					1	doublet	three	3	1	41	
82	Waveform 1	1	41.6014947	41.63682642	0	22050	0.0353		24070					2	doublet	three	3	1	41	
83	Waveform 1	1	43.30188074	43.32074824	0	22050	0.0189		19330					1	doublet	three	1	1	42	
84	Waveform 1	1	43.39693918	43.44385111	0	22050	0.0469		27391					2	doublet	three	1	1	42	
85	Waveform 1	1	43.58471766	43.59918299	0	22050	0.0145		24854					1	doublet	three	2	1	43	
86	Waveform 1	1	43.64383402	43.68072047	0	22050	0.0369		25949					2	doublet	three	2	1	43	
87	Waveform 1	1	43.87913981	43.89265146	0	22050	0.0135		21514					1	doublet	three	3	1	44	
88	Waveform 1	1	43.94059076	43.97598897	0	22050	0.0354		22579					2	doublet	three	3	1	44	
89	Waveform 1	1	44.94145289	44.95899084	0	22050	0.0175		21853					1	doublet	three	1	1	45	
90	Waveform 1	1	45.00190439	45.04885539	0	22050	0.047		26963					2	doublet	three	1	1	45	
91	Waveform 1	1	45.17900171	45.19240275	0	22050	0.0134		22180					1	doublet	three	2	1	46	
92	Waveform 1	1	45.23623743	45.27104519	0	22050	0.0348		23291					2	doublet	three	2	1	46	
93	Waveform 1	1	45.42614451	45.44022837	0	22050	0.0141		22675					1	doublet	three	3	1	47	
94	Waveform 1	1	45.4835824	45.51924084	0	22050	0.0357		24207					2	doublet	three	3	1	47	
95	Waveform 1	1	46.56666651	46.58217707	0	22050	0.0155		23320					1	doublet	three	1	1	48	
96	Waveform 1	1	46.62897959	46.66975107	0	22050	0.0408		27812					2	doublet	three	1	1	48	
97	Waveform 1	1	46.82235804	46.83649625	0	22050	0.0141		23040					1	doublet	three	2	1	49	
98	Waveform 1	1	46.88124552	46.91585889	0	22050	0.0346		23259					2	doublet	three	2	1	49	
99	Waveform 1	1	47.10310831	47.11761954	0	22050	0.0145		22425					1	doublet	three	3	1	50	
100	Waveform 1	1	47.16208735	47.19934738	0	22050	0.0373		22152					2	doublet	three	3	1	50	
101	Waveform 1	1	48.13417139	48.15012889	0	22050	0.016		23567					1	doublet	three	1	1	51	
102	Waveform 1	1	48.19496622	48.23666849	0	22050	0.0417		27065					2	doublet	three	1	1	51	
103	Waveform 1	1	48.3820199	48.39703409	0	22050	0.015		22301					1	doublet	three	2	1	52	
104	Waveform 1	1	48.43920603	48.47672133	0	22050	0.0375		24080					2	doublet	three	2	1	52	
105	Waveform 1	1	48.64449015	48.65942356	0	22050	0.0149		21778					1	doublet	three	3	1	53	
106	Waveform 1	1	48.70229044	48.7383806	0	22050	0.0361		24064					2	doublet	three	3	1	53	
107	Waveform 1	1	49.65882197	49.67602928	0	22050	0.0172		21490					1	doublet	two	1	1	54	
108	Waveform 1	1	49.72129145	49.76509024	0	22050	0.0438		25771					2	doublet	two	1	1	54	
109	Waveform 1	1	49.91111078	49.92530527	0	22050	0.0142		21498					1	doublet	two	2	1	55	
110	Waveform 1	1	49.97453394	50.01203563	0	22050	0.0375		19189					2	doublet	two	2	1	55	
111	Waveform 1	1	51.64820948	51.66148837	0	22050	0.0133		25320					1	doublet	two	1	1	56	
112	Waveform 1	1	51.71550837	51.75800409	0	22050	0.0425		28185					2	doublet	two	1	1	56	
113	Waveform 1	1	51.92283335	51.93759623	0	22050	0.0148		23848					1	doublet	two	2	1	57	
114	Waveform 1	1	51.98305979	52.0199017	0	22050	0.0368		23851					2	doublet	two	2	1	57	
115	Waveform 1	1	54.46117869	54.47655192	0	22050	0.0154		23699					1	doublet	solo	0	1	58	
116	Waveform 1	1	54.52800455	54.56972971	0	22050	0.0417		27839					2	doublet	solo	0	1	58	
117	Waveform 1	1	63.31387797	63.32922063	0	22050	0.0153		20523					1	doublet	solo	0	2	59	
118	Waveform 1	1	63.37814036	63.41999903	0	22050	0.0419		21785					2	doublet	solo	0	2	59	
119	Waveform 1	1	65.30601206	65.32172098	0	22050	0.0157		24599					1	doublet	solo	0	2	60	
120	Waveform 1	1	65.36977091	65.41258707	0	22050	0.0428		27984					2	doublet	solo	0	2	60	
121	Waveform 1	1	68.8423585	68.85931827	0	22050	0.017		20637					1	doublet	solo	0	2	61	
122	Waveform 1	1	68.90242472	68.94503489	0	22050	0.0426		24894					2	doublet	solo	0	2	61	
123	Waveform 1	1	70.8803834	70.89739741	0	22050	0.017		23198					1	doublet	solo	0	2	62	
124	Waveform 1	1	70.94734659	70.98863688	0	22050	0.0413		28096					2	doublet	solo	0	2	62	
125	Waveform 1	1	72.7247819	72.74157001	0	22050	0.0168		21415					1	doublet	three	1	2	63	
126	Waveform 1	1	72.79067698	72.83358469	0	22050	0.0429		27675					2	doublet	three	1	2	63	
127	Waveform 1	1	72.98197642	72.9959525	0	22050	0.014		22520					1	doublet	three	2	2	64	
128	Waveform 1	1	73.0428361	73.0772409	0	22050	0.0344		25821					2	doublet	three	2	2	64	
129	Waveform 1	1	73.27956858	73.29358281	0	22050	0.014		18623					1	doublet	three	3	2	65	
130	Waveform 1	1	73.34086313	73.382958	0	22050	0.0421		25925					2	doublet	three	3	2	65	
131	Waveform 1	1	74.68124857	74.69639292	0	22050	0.0151		26664					1	doublet	two	1	2	66	
132	Waveform 1	1	74.75462809	74.80154123	0	22050	0.0469		28730					2	doublet	two	1	2	66	
133	Waveform 1	1	74.95310679	74.96761789	0	22050	0.0145		25601					1	doublet	two	2	2	67	
134	Waveform 1	1	75.01687327	75.05340685	0	22050	0.0365		27013					2	doublet	two	2	2	67	
135	Waveform 1	1	76.24696055	76.26087808	0	22050	0.0139		27053					1	doublet	two	1	2	68	
136	Waveform 1	1	76.31591501	76.36169901	0	22050	0.0458		28838					2	doublet	two	1	2	68	
137	Waveform 1	1	76.51231089	76.52673807	0	22050	0.0144		25227					1	doublet	two	2	2	69	
138	Waveform 1	1	76.57160654	76.60816467	0	22050	0.0366		27479					2	doublet	two	2	2	69	
139	Waveform 1	1	78.10498514	78.11977091	0	22050	0.0148		26668					1	doublet	two	1	2	70	
140	Waveform 1	1	78.17605295	78.22498867	0	22050	0.0489		28724					2	doublet	two	1	2	70	
141	Waveform 1	1	78.40687266	78.42295372	0	22050	0.0161		26249					1	doublet	two	2	2	71	
142	Waveform 1	1	78.46864023	78.50959607	0	22050	0.041		27561					2	doublet	two	2	2	71	
143	Waveform 1	1	80.79069986	80.80493783	0	22050	0.0142		25599					1	doublet	solo	0	2	72	
144	Waveform 1	1	80.85870829	80.90263071	0	22050	0.0439		28422					2	doublet	solo	0	2	72	
145	Waveform 1	1	83.38415232	83.40305796	0	22050	0.0189		20917					1	doublet	solo	0	2	73	
146	Waveform 1	1	83.48274698	83.52408304	0	22050	0.0413		27900					2	doublet	solo	0	2	73	
147	Waveform 1	1	84.98338022	84.99801327	0	22050	0.0146		26448					1	doublet	solo	0	2	74	
148	Waveform 1	1	85.05798044	85.10260229	0	22050	0.0446		28600					2	doublet	solo	0	2	74	
149	Waveform 1	1	86.50412455	86.51968088	0	22050	0.0156		26766					1	doublet	solo	0	2	75	
150	Waveform 1	1	86.5865983	86.63294687	0	22050	0.0463		28521					2	doublet	solo	0	2	75	
151	Waveform 1	1	88.97725382	88.99342051	0	22050	0.0162		25918					1	doublet	solo	0	2	76	
152	Waveform 1	1	89.04929819	89.09151926	0	22050	0.0422		28563					2	doublet	solo	0	2	76	
153	Waveform 1	1	90.93673411	90.95312076	0	22050	0.0164		23781					1	doublet	solo	0	2	77	
154	Waveform 1	1	90.99863901	91.04058161	0	22050	0.0419		27821					2	doublet	solo	0	2	77	
155	Waveform 1	1	93.67514506	93.69216247	0	22050	0.017		23035					1	doublet	solo	0	2	78	
156	Waveform 1	1	93.7359437	93.77798166	0	22050	0.042		27249					2	doublet	solo	0	2	78	
157	Waveform 1	1	96.40705576	96.42505828	0	22050	0.018		22110					1	doublet	solo	0	2	79	
158	Waveform 1	1	96.46712198	96.50954358	0	22050	0.0424		27227					2	doublet	solo	0	2	79	
159	Waveform 1	1	98.36643686	98.38158884	0	22050	0.0152		20287					1	doublet	solo	0	2	80	
160	Waveform 1	1	98.42784586	98.4694108	0	22050	0.0416		25863					2	doublet	solo	0	2	80	
161	Waveform 1	1	100.442563	100.4590098	0	22050	0.0164		22994					1	doublet	two	1	2	81	
162	Waveform 1	1	100.5031709	100.5443543	0	22050	0.0412		27927					2	doublet	two	1	2	81	
163	Waveform 1	1	100.7846726	100.8013005	0	22050	0.0166		26091					1	doublet	two	2	2	82	
164	Waveform 1	1	100.8464631	100.8837906	0	22050	0.0373		27658					2	doublet	two	2	2	82	
165	Waveform 1	1	102.3695725	102.3877001	0	22050	0.0181		19480					1	doublet	solo	0	2	83	
166	Waveform 1	1	102.4533128	102.4987799	0	22050	0.0455		27923					2	doublet	solo	0	2	83	
167	Waveform 1	1	103.4042634	103.4205958	0	22050	0.0163		24844					1	doublet	two	1	2	84	
168	Waveform 1	1	103.4652833	103.5086411	0	22050	0.0434		27956					2	doublet	two	1	2	84	
169	Waveform 1	1	103.6613816	103.6762254	0	22050	0.0148		24034					1	doublet	two	2	2	85	
170	Waveform 1	1	103.7207231	103.7544836	0	22050	0.0338		26934					2	doublet	two	2	2	85	
171	Waveform 1	1	104.7718171	104.7877159	0	22050	0.0159		25644					1	doublet	two	1	2	86	
172	Waveform 1	1	104.8368043	104.8817491	0	22050	0.0449		28494					2	doublet	two	1	2	86	
173	Waveform 1	1	105.0308808	105.0446061	0	22050	0.0137		22791					1	doublet	two	2	2	87	
174	Waveform 1	1	105.0918626	105.1273025	0	22050	0.0354		26066					2	doublet	two	2	2	87	
175	Waveform 1	1	106.7941712	106.8082248	0	22050	0.0141		25321					1	doublet	two	1	2	88	
176	Waveform 1	1	106.8600434	106.902768	0	22050	0.0427		28223					2	doublet	two	1	2	88	
177	Waveform 1	1	107.0568742	107.0716349	0	22050	0.0148		24832					1	doublet	two	2	2	89	
178	Waveform 1	1	107.1145143	107.1494807	0	22050	0.035		27133					2	doublet	two	2	2	89	
179	Waveform 1	1	109.610341	109.6291871	0	22050	0.0188		16142					1	doublet	solo	0	2	90	
180	Waveform 1	1	109.6983003	109.7403683	0	22050	0.0421		27327					2	doublet	solo	0	2	90	
181	Waveform 1	1	110.6669358	110.6822938	0	22050	0.0154		26933					1	doublet	two	1	2	91	
182	Waveform 1	1	110.7326783	110.7741746	0	22050	0.0415		28586					2	doublet	two	1	2	91	
183	Waveform 1	1	110.9236726	110.9373902	0	22050	0.0137		22971					1	doublet	two	2	2	92	
184	Waveform 1	1	110.9825868	111.0150575	0	22050	0.0325		26333					2	doublet	two	2	2	92	
185	Waveform 1	1	111.969571	111.9837388	0	22050	0.0142		18099					1	doublet	three	1	2	93	
186	Waveform 1	1	112.0365342	112.0793195	0	22050	0.0428		26561					2	doublet	three	1	2	93	
187	Waveform 1	1	112.2148789	112.2262849	0	22050	0.0114		20691					1	doublet	three	2	2	94	
188	Waveform 1	1	112.2726792	112.3048295	0	22050	0.0322		24447					2	doublet	three	2	2	94	
189	Waveform 1	1	112.4801377	112.4938783	0	22050	0.0137		23286					1	doublet	three	3	2	95	
190	Waveform 1	1	112.5377778	112.5705461	0	22050	0.0328		25616					2	doublet	three	3	2	95	
191	Waveform 1	1	113.948346	113.9637651	0	22050	0.0154		25070					1	doublet	two	1	2	96	could be solo
192	Waveform 1	1	114.012288	114.0535172	0	22050	0.0412		28518					2	doublet	two	1	2	96	could be solo
193	Waveform 1	1	114.333722	114.348523	0	22050	0.0148		24793					1	doublet	two	2	2	97	could be solo
194	Waveform 1	1	114.3919496	114.4327045	0	22050	0.0408		26726					2	doublet	two	2	2	97	could be solo
195	Waveform 1	1	116.706601	116.7214707	0	22050	0.0149		26935					1	doublet	two	1	2	98	
196	Waveform 1	1	116.7748307	116.8190038	0	22050	0.0442		28840					2	doublet	two	1	2	98	
197	Waveform 1	1	117.0166902	117.0321324	0	22050	0.0154		26312					1	doublet	two	2	2	99	
198	Waveform 1	1	117.0764588	117.1144883	0	22050	0.038		26919					2	doublet	two	2	2	99	
199	Waveform 1	1	119.8429002	119.8624224	0	22050	0.0195		14082					1	doublet	two	1	2	100	
200	Waveform 1	1	119.9351701	119.979001	0	22050	0.0438		27598					2	doublet	two	1	2	100	
201	Waveform 1	1	120.1586656	120.1735809	0	22050	0.0149		25234					1	doublet	two	2	2	101	
202	Waveform 1	1	120.2351274	120.2747896	0	22050	0.0397		22733					2	doublet	two	2	2	101	
203	Waveform 1	1	122.1038102	122.1196336	0	22050	0.0158		23658					1	doublet	two	1	2	102	
204	Waveform 1	1	122.168889	122.2107972	0	22050	0.0419		28037					2	doublet	two	1	2	102	
205	Waveform 1	1	122.3684815	122.3840641	0	22050	0.0156		24457					1	doublet	two	2	2	103	
206	Waveform 1	1	122.4275254	122.4640086	0	22050	0.0365		26927					2	doublet	two	2	2	103	
207	Waveform 1	1	124.9602021	124.9783217	0	22050	0.0181		22896					1	doublet	three	1	2	104	
208	Waveform 1	1	125.0210465	125.0633821	0	22050	0.0423		27727					2	doublet	three	1	2	104	
209	Waveform 1	1	125.2063035	125.2213635	0	22050	0.0151		23334					1	doublet	three	2	2	105	
210	Waveform 1	1	125.2652635	125.299748	0	22050	0.0345		26102					2	doublet	three	2	2	105	
211	Waveform 1	1	125.4673432	125.4828479	0	22050	0.0155		22110					1	doublet	three	3	2	106	
212	Waveform 1	1	125.5270051	125.5661468	0	22050	0.0391		26393					2	doublet	three	3	2	106	
213	Waveform 1	1	126.547162	126.5638055	0	22050	0.0166		24288					1	doublet	two	1	2	107	
214	Waveform 1	1	126.6070527	126.6486808	0	22050	0.0416		28047					2	doublet	two	1	2	107	
215	Waveform 1	1	126.7960328	126.8100145	0	22050	0.014		17634					1	doublet	two	2	2	108	
216	Waveform 1	1	126.8564424	126.8984504	0	22050	0.042		23916					2	doublet	two	2	2	108	
217	Waveform 1	1	128.0025376	128.0171708	0	22050	0.0146		25884					1	doublet	three	1	2	109	
218	Waveform 1	1	128.0712174	128.1157426	0	22050	0.0445		28409					2	doublet	three	1	2	109	
219	Waveform 1	1	128.2562303	128.2722262	0	22050	0.016		25241					1	doublet	three	2	2	110	
220	Waveform 1	1	128.3131913	128.346074	0	22050	0.0329		26787					2	doublet	three	2	2	110	
221	Waveform 1	1	128.5300645	128.5471854	0	22050	0.0171		25568					1	doublet	three	3	2	111	
222	Waveform 1	1	128.5906571	128.6260233	0	22050	0.0354		26037					2	doublet	three	3	2	111	
223	Waveform 1	1	130.2278031	130.2433061	0	22050	0.0155		24866					1	doublet	four	1	2	112	
224	Waveform 1	1	130.2914781	130.3361405	0	22050	0.0447		28267					2	doublet	four	1	2	112	
225	Waveform 1	1	130.4859666	130.5023813	0	22050	0.0164		24863					1	doublet	four	2	2	113	
226	Waveform 1	1	130.5517472	130.5885427	0	22050	0.0368		26779					2	doublet	four	2	2	113	
227	Waveform 1	1	130.76093	130.7762985	0	22050	0.0154		23919					1	doublet	four	3	2	114	
228	Waveform 1	1	130.8202256	130.8592423	0	22050	0.039		26031					2	doublet	four	3	2	114	
229	Waveform 1	1	131.0302323	131.0451837	0	22050	0.015		24469					1	doublet	four	4	2	115	
230	Waveform 1	1	131.0885972	131.1245932	0	22050	0.036		26053					2	doublet	four	4	2	115	
231	Waveform 1	1	133.7949723	133.8104295	0	22050	0.0155		26524					1	doublet	two	1	2	116	
232	Waveform 1	1	133.8651017	133.9111833	0	22050	0.0461		28312					2	doublet	two	1	2	116	
233	Waveform 1	1	134.0813188	134.097914	0	22050	0.0166		26615					1	doublet	two	2	2	117	
234	Waveform 1	1	134.1427049	134.1780747	0	22050	0.0354		27130					2	doublet	two	2	2	117	
235	Waveform 1	1	135.3619889	135.3768052	0	22050	0.0148		25973					1	doublet	two	1	2	118	
236	Waveform 1	1	135.4262742	135.4694108	0	22050	0.0431		28319					2	doublet	two	1	2	118	
237	Waveform 1	1	135.6943101	135.7121337	0	22050	0.0178		25874					1	doublet	two	2	2	119	
238	Waveform 1	1	135.7563676	135.7972485	0	22050	0.0409		23974					2	doublet	two	2	2	119	
239	Waveform 1	1	137.0384873	137.05309	0	22050	0.0146		26691					1	doublet	two	1	2	120	
240	Waveform 1	1	137.1070756	137.153264	0	22050	0.0462		28814					2	doublet	two	1	2	120	
241	Waveform 1	1	137.3483628	137.3643985	0	22050	0.016		27277					1	doublet	two	2	2	121	
242	Waveform 1	1	137.4092759	137.4454881	0	22050	0.0362		26943					2	doublet	two	2	2	121	
243	Waveform 1	1	138.8251237	138.8397148	0	22050	0.0146		26506					1	doublet	solo	0	2	122	
244	Waveform 1	1	138.8939713	138.9386796	0	22050	0.0447		28154					2	doublet	solo	0	2	122	
245	Waveform 1	1	139.98499	140.0028357	0	22050	0.0178		26941					1	doublet	three	1	2	123	
246	Waveform 1	1	140.0509233	140.0940599	0	22050	0.0431		28159					2	doublet	three	1	2	123	
247	Waveform 1	1	140.2557572	140.2714767	0	22050	0.0157		26450					1	doublet	three	2	2	124	
248	Waveform 1	1	140.3149613	140.3501328	0	22050	0.0352		27156					2	doublet	three	2	2	124	
249	Waveform 1	1	140.5063218	140.52201	0	22050	0.0157		24428					1	doublet	three	3	2	125	
250	Waveform 1	1	140.5622453	140.5980119	0	22050	0.0358		25398					2	doublet	three	3	2	125	
251	Waveform 1	1	141.8087815	141.8238572	0	22050	0.0151		26805					1	doublet	two	1	2	126	
252	Waveform 1	1	141.8738603	141.9199265	0	22050	0.0461		28697					2	doublet	two	1	2	126	
253	Waveform 1	1	142.0740861	142.08738	0	22050	0.0133		24400					1	doublet	two	2	2	127	
254	Waveform 1	1	142.1342362	142.1688496	0	22050	0.0346		22009					2	doublet	two	2	2	127	
255	Waveform 1	1	143.3538102	143.369954	0	22050	0.0161		25856					1	doublet	two	1	2	128	
256	Waveform 1	1	143.4241075	143.4655976	0	22050	0.0415		28286					2	doublet	two	1	2	128	
257	Waveform 1	1	143.6158494	143.6299485	0	22050	0.0141		24183					1	doublet	two	2	2	129	
258	Waveform 1	1	143.6752671	143.7100877	0	22050	0.0348		25543					2	doublet	two	2	2	129	
259	Waveform 1	1	145.0864915	145.1024674	0	22050	0.016		25258					1	doublet	three	1	2	130	
260	Waveform 1	1	145.1504258	145.1935319	0	22050	0.0431		27336					2	doublet	three	1	2	130	
261	Waveform 1	1	145.3365983	145.3504533	0	22050	0.0139		23980					1	doublet	three	2	2	131	
262	Waveform 1	1	145.395894	145.4313831	0	22050	0.0355		25066					2	doublet	three	2	2	131	
263	Waveform 1	1	145.5923966	145.6065721	0	22050	0.0142		23835					1	doublet	three	3	2	132	
264	Waveform 1	1	145.6507463	145.6886328	0	22050	0.0379		24734					2	doublet	three	3	2	132	
265	Waveform 1	1	146.5953111	146.6110276	0	22050	0.0157		24523					1	doublet	three	1	2	133	
266	Waveform 1	1	146.6567735	146.6991302	0	22050	0.0424		26679					2	doublet	three	1	2	133	
267	Waveform 1	1	146.8394975	146.853444	0	22050	0.0139		23415					1	doublet	three	2	2	134	
268	Waveform 1	1	146.8993882	146.9383209	0	22050	0.0389		22743					2	doublet	three	2	2	134	
269	Waveform 1	1	147.0959825	147.1102952	0	22050	0.0143		23503					1	doublet	three	3	2	135	
270	Waveform 1	1	147.1553086	147.1932944	0	22050	0.038		25170					2	doublet	three	3	2	135	
271	Waveform 1	1	148.3801621	148.395604	0	22050	0.0154		24762					1	doublet	two	1	2	136	
272	Waveform 1	1	148.4446916	148.4919814	0	22050	0.0473		27928					2	doublet	two	1	2	136	
273	Waveform 1	1	148.6467179	148.6623764	0	22050	0.0157		23250					1	doublet	two	2	2	137	
274	Waveform 1	1	148.7106828	148.745778	0	22050	0.0351		20936					2	doublet	two	2	2	137	
275	Waveform 1	1	150.4929551	150.5087785	0	22050	0.0158		25469					1	doublet	two	1	2	138	
276	Waveform 1	1	150.5606278	150.6078159	0	22050	0.0472		27779					2	doublet	two	1	2	138	
277	Waveform 1	1	150.8063706	150.8218968	0	22050	0.0155		24486					1	doublet	two	2	2	139	
278	Waveform 1	1	150.8664903	150.9069583	0	22050	0.0405		25256					2	doublet	two	2	2	139	
279	Waveform 1	1	154.7386827	154.7559251	0	22050	0.0172		21327					1	doublet	solo	0	2	140	
280	Waveform 1	1	154.8318528	154.8769945	0	22050	0.0451		27322					2	doublet	solo	0	2	140	
281	Waveform 1	1	156.3181352	156.333394	0	22050	0.0153		26133					1	doublet	solo	0	2	141	
282	Waveform 1	1	156.3797044	156.4232224	0	22050	0.0435		28009					2	doublet	solo	0	2	141	
283	Waveform 1	1	170.6805924	170.6973313	0	22050	0.0167		17271					1	doublet	solo	0	3	142	
284	Waveform 1	1	170.7653092	170.8107499	0	22050	0.0454		28055					2	doublet	solo	0	3	142	
285	Waveform 1	1	172.3221482	172.3367356	0	22050	0.0146		25968					1	doublet	solo	0	3	143	
286	Waveform 1	1	172.397664	172.4435319	0	22050	0.0459		28599					2	doublet	solo	0	3	143	
287	Waveform 1	1	174.0794114	174.0937852	0	22050	0.0144		27183					1	doublet	solo	0	3	144	
288	Waveform 1	1	174.1557817	174.2030992	0	22050	0.0473		28940					2	doublet	solo	0	3	144	
289	Waveform 1	1	175.7793168	175.7941331	0	22050	0.0148		27124					1	doublet	solo	0	3	145	
290	Waveform 1	1	175.8542375	175.899434	0	22050	0.0452		29083					2	doublet	solo	0	3	145	
291	Waveform 1	1	179.4403123	179.4555558	0	22050	0.0152		22399					1	doublet	solo	0	3	146	
292	Waveform 1	1	179.5129746	179.559153	0	22050	0.0462		27454					2	doublet	solo	0	3	146	
293	Waveform 1	1	180.9740342	180.990163	0	22050	0.0161		27431					1	doublet	solo	0	3	147	
294	Waveform 1	1	181.047368	181.0963487	0	22050	0.049		29032					2	doublet	solo	0	3	147	
295	Waveform 1	1	182.7189378	182.7327928	0	22050	0.0139		28002					1	doublet	two	1	3	148	
296	Waveform 1	1	182.7907456	182.8406571	0	22050	0.0499		29078					2	doublet	two	1	3	148	
297	Waveform 1	1	183.0000657	183.0148057	0	22050	0.0147		27910					1	doublet	two	2	3	149	
298	Waveform 1	1	183.0602769	183.0977525	0	22050	0.0375		27346					2	doublet	two	2	3	149	
301	Waveform 1	1	186.6185502	186.6338548	0	22050	0.0153		22543					3	solo	two	1	3	152	
302	Waveform 1	1	186.6835984	186.7326554	0	22050	0.0491		28068					3	solo	two	2	3	152	
303	Waveform 1	1	189.0499772	189.0658535	0	22050	0.0159		22347					1	doublet	solo	0	3	153	
304	Waveform 1	1	189.1120194	189.1527146	0	22050	0.0407		27272					2	doublet	solo	0	3	153	
305	Waveform 1	1	190.5289964	190.5449876	0	22050	0.016		24980					1	doublet	solo	0	3	154	
306	Waveform 1	1	190.5927018	190.6340989	0	22050	0.0414		27562					2	doublet	solo	0	3	154	
307	Waveform 1	1	190.7953996	190.8094377	0	22050	0.014		23593					1	doublet	two	1	3	155	
308	Waveform 1	1	190.8543748	190.8885087	0	22050	0.0341		26785					2	doublet	two	1	3	155	
309	Waveform 1	1	192.0543717	192.0706834	0	22050	0.0163		22534					1	doublet	two	2	3	156	
310	Waveform 1	1	192.1169786	192.1664454	0	22050	0.0495		27282					2	doublet	two	2	3	156	
311	Waveform 1	1	192.3045854	192.318776	0	22050	0.0142		23736					1	doublet	two	1	3	157	
312	Waveform 1	1	192.3649644	192.3970536	0	22050	0.0321		25833					2	doublet	two	1	3	157	
313	Waveform 1	1	193.3384294	193.3529252	0	22050	0.0145		26823					1	doublet	two	2	3	158	
314	Waveform 1	1	193.401677	193.4470262	0	22050	0.0453		28762					2	doublet	two	2	3	158	
315	Waveform 1	1	193.6015214	193.6174164	0	22050	0.0159		27250					1	doublet	three	1	3	159	
316	Waveform 1	1	193.6614121	193.6979185	0	22050	0.0365		27234					2	doublet	three	1	3	159	
317	Waveform 1	1	193.8560075	193.8708543	0	22050	0.0148		22649					1	doublet	three	2	3	160	
318	Waveform 1	1	193.917714	193.9586932	0	22050	0.041		26643					2	doublet	three	2	3	160	
319	Waveform 1	1	195.6752366	195.6909226	0	22050	0.0157		27595					1	doublet	three	3	3	161	
320	Waveform 1	1	195.7535447	195.8015031	0	22050	0.048		28820					2	doublet	three	3	3	161	
321	Waveform 1	1	195.965413	195.9819056	0	22050	0.0165		27419					1	doublet	two	1	3	162	
322	Waveform 1	1	196.0259446	196.0615586	0	22050	0.0356		27414					2	doublet	two	1	3	162	
323	Waveform 1	1	197.1709794	197.1853684	0	22050	0.0144		27942					1	doublet	two	2	3	163	
324	Waveform 1	1	197.2422685	197.2899369	0	22050	0.0477		28786					2	doublet	two	2	3	163	
325	Waveform 1	1	197.438054	197.4530686	0	22050	0.015		26689					1	doublet	two	1	3	164	
326	Waveform 1	1	197.4979295	197.5340654	0	22050	0.0361		27354					2	doublet	two	1	3	164	
327	Waveform 1	1	198.9032487	198.9195298	0	22050	0.0163		27257					1	doublet	two	2	3	165	
328	Waveform 1	1	198.9710893	199.0139512	0	22050	0.0429		28318					2	doublet	two	2	3	165	
329	Waveform 1	1	199.186284	199.2031827	0	22050	0.0169		26872					1	doublet	two	1	3	166	
330	Waveform 1	1	199.2452439	199.2850142	0	22050	0.0398		27329					2	doublet	two	1	3	166	
331	Waveform 1	1	200.6520127	200.6669663	0	22050	0.015		25226					1	doublet	two	2	3	167	
332	Waveform 1	1	200.7108201	200.7559821	0	22050	0.0452		28221					2	doublet	two	2	3	167	
333	Waveform 1	1	202.3295945	202.3457383	0	22050	0.0161		24353					1	doublet	solo	0	3	168	
334	Waveform 1	1	202.3927659	202.4310044	0	22050	0.0382		26448					2	doublet	solo	0	3	168	
335	Waveform 1	1	202.6089067	202.6236924	0	22050	0.0148		24040					1	doublet	two	1	3	169	
336	Waveform 1	1	202.6691636	202.704946	0	22050	0.0358		23705					2	doublet	two	1	3	169	
337	Waveform 1	1	204.3919572	204.4099114	0	22050	0.018		20435					1	doublet	two	2	3	170	
338	Waveform 1	1	204.4863786	204.5321549	0	22050	0.0458		28072					2	doublet	two	2	3	170	
339	Waveform 1	1	204.6815843	204.6978251	0	22050	0.0162		26394					1	doublet	two	1	3	171	
340	Waveform 1	1	204.7408799	204.7770888	0	22050	0.0362		26630					2	doublet	two	1	3	171	
341	Waveform 1	1	206.3207902	206.336873	0	22050	0.0161		24995					1	doublet	two	2	3	172	
342	Waveform 1	1	206.3843125	206.4265794	0	22050	0.0423		27125					2	doublet	two	2	3	172	
343	Waveform 1	1	206.5945329	206.6108339	0	22050	0.0163		24963					1	doublet	two	1	3	173	
344	Waveform 1	1	206.6552629	206.6929095	0	22050	0.0376		25337					2	doublet	two	1	3	173	
345	Waveform 1	1	207.8826951	207.8979539	0	22050	0.0153		24154					1	doublet	two	2	3	174	
346	Waveform 1	1	207.951024	207.9957627	0	22050	0.0447		28478					2	doublet	two	2	3	174	
347	Waveform 1	1	208.1424302	208.1581565	0	22050	0.0157		23954					1	doublet	two	1	3	175	
348	Waveform 1	1	208.2037858	208.2395369	0	22050	0.0358		21183					2	doublet	two	1	3	175	
349	Waveform 1	1	209.3154649	209.3313645	0	22050	0.0159		26087					1	doublet	two	2	3	176	
350	Waveform 1	1	209.3916368	209.4380788	0	22050	0.0464		28061					2	doublet	two	2	3	176	
351	Waveform 1	1	209.5925645	209.6086146	0	22050	0.0161		25841					1	doublet	two	1	3	177	
352	Waveform 1	1	209.652974	209.6904079	0	22050	0.0374		25565					2	doublet	two	1	3	177	
353	Waveform 1	1	211.4049424	211.4191037	0	22050	0.0142		27125					1	doublet	two	2	3	178	
354	Waveform 1	1	211.4679612	211.5134759	0	22050	0.0455		27849					2	doublet	two	2	3	178	
355	Waveform 1	1	212.8609513	212.8766374	0	22050	0.0157		25047					1	doublet	solo	0	3	179	
356	Waveform 1	1	212.9476823	212.9920499	0	22050	0.0444		28311					2	doublet	solo	0	3	179	
357	Waveform 1	1	214.7368211	214.7527055	0	22050	0.0159		23705					1	doublet	solo	0	3	180	
358	Waveform 1	1	214.8028764	214.8438767	0	22050	0.041		27307					2	doublet	solo	0	3	180	
359	Waveform 1	1	214.997136	215.0107774	0	22050	0.0136		23008					1	doublet	two	1	3	181	
360	Waveform 1	1	215.0564927	215.0901383	0	22050	0.0336		24780					2	doublet	two	1	3	181	
361	Waveform 1	1	216.2787522	216.2947129	0	22050	0.016		25904					1	doublet	two	2	3	182	
362	Waveform 1	1	216.3453111	216.3868302	0	22050	0.0415		27553					2	doublet	two	2	3	182	
363	Waveform 1	1	216.5743608	216.5896348	0	22050	0.0153		25435					1	doublet	two	1	3	183	
364	Waveform 1	1	216.6335343	216.6718694	0	22050	0.0383		26337					2	doublet	two	1	3	183	
365	Waveform 1	1	217.8320817	217.8482692	0	22050	0.0162		24403					1	doublet	two	2	3	184	
366	Waveform 1	1	217.8969163	217.9425096	0	22050	0.0456		28323					2	doublet	two	2	3	184	
367	Waveform 1	1	218.0914048	218.1058702	0	22050	0.0145		24497					1	doublet	two	1	3	185	
368	Waveform 1	1	218.1505937	218.1856674	0	22050	0.0351		24754					2	doublet	two	1	3	185	
369	Waveform 1	1	221.0723771	221.0889503	0	22050	0.0166		22459					1	doublet	two	2	3	186	
370	Waveform 1	1	221.1330003	221.1727189	0	22050	0.0397		25433					2	doublet	two	2	3	186	
371	Waveform 1	1	222.3411302	222.3556413	0	22050	0.0145		21142					1	doublet	solo	0	3	187	
372	Waveform 1	1	222.4157151	222.4567307	0	22050	0.041		26375					2	doublet	solo	0	3	187	
373	Waveform 1	1	222.6330613	222.6480454	0	22050	0.015		25665					1	doublet	two	1	3	188	
374	Waveform 1	1	222.6924943	222.7290982	0	22050	0.0366		25330					2	doublet	two	1	3	188	
375	Waveform 1	1	224.3419694	224.3582145	0	22050	0.0162		24094					1	doublet	two	2	3	189	
376	Waveform 1	1	224.4049729	224.4484147	0	22050	0.0434		27688					2	doublet	two	2	3	189	
377	Waveform 1	1	224.6508836	224.6676263	0	22050	0.0167		25528					1	doublet	two	1	3	190	
378	Waveform 1	1	224.7107743	224.7475435	0	22050	0.0368		27113					2	doublet	two	1	3	190	
379	Waveform 1	1	226.6561021	226.6735943	0	22050	0.0175		22795					1	doublet	two	2	3	191	
380	Waveform 1	1	226.7181138	226.7606553	0	22050	0.0425		26995					2	doublet	two	2	3	191	
381	Waveform 1	1	226.967595	226.9825791	0	22050	0.015		24691					1	doublet	two	1	3	192	
382	Waveform 1	1	227.0294541	227.069249	0	22050	0.0398		26736					2	doublet	two	1	3	192	
383	Waveform 1	1	228.2911729	228.3060502	0	22050	0.0149		25446					1	doublet	two	2	3	193	
384	Waveform 1	1	228.3539475	228.3997122	0	22050	0.0458		28151					2	doublet	two	2	3	193	
385	Waveform 1	1	228.5620469	228.5764359	0	22050	0.0144		25501					1	doublet	two	1	3	194	
386	Waveform 1	1	228.6214341	228.6562069	0	22050	0.0348		25439					2	doublet	two	1	3	194	
387	Waveform 1	1	230.0870561	230.1015214	0	22050	0.0145		25864					1	doublet	two	2	3	195	
388	Waveform 1	1	230.1583604	230.2048081	0	22050	0.0464		28123					2	doublet	two	2	3	195	
389	Waveform 1	1	230.3748979	230.3906021	0	22050	0.0157		25523					1	doublet	two	1	3	196	
390	Waveform 1	1	230.4350328	230.4701585	0	22050	0.0351		25776					2	doublet	two	1	3	196	
391	Waveform 1	1	231.662114	231.6793011	0	22050	0.0172		23602					1	doublet	two	2	3	197	
392	Waveform 1	1	231.7228135	231.7666589	0	22050	0.0438		27611					2	doublet	two	2	3	197	
393	Waveform 1	1	231.9442185	231.9585095	0	22050	0.0143		25440					1	doublet	two	1	3	198	
394	Waveform 1	1	232.004506	232.0391892	0	22050	0.0347		25384					2	doublet	two	1	3	198	
395	Waveform 1	1	234.118596	234.1338483	0	22050	0.0153		23965					1	doublet	two	2	3	199	
396	Waveform 1	1	234.1851853	234.231862	0	22050	0.0467		27830					2	doublet	two	2	3	199	
397	Waveform 1	1	234.3965501	234.4125434	0	22050	0.016		25384					1	doublet	two	1	3	200	
398	Waveform 1	1	234.4558457	234.4896134	0	22050	0.0338		25984					2	doublet	two	1	3	200	
399	Waveform 1	1	236.379094	236.3934678	0	22050	0.0144		25833					1	doublet	two	2	3	201	
400	Waveform 1	1	236.4424485	236.4859666	0	22050	0.0435		27957					2	doublet	two	2	3	201	
401	Waveform 1	1	236.6692246	236.6860505	0	22050	0.0168		24444					1	doublet	two	1	3	202	
402	Waveform 1	1	236.731038	236.7732676	0	22050	0.0422		27162					2	doublet	two	1	3	202	
403	Waveform 1	1	238.8410844	238.8559007	0	22050	0.0148		26920					1	doublet	two	2	3	203	
404	Waveform 1	1	238.916829	238.9618424	0	22050	0.045		28538					2	doublet	two	2	3	203	
405	Waveform 1	1	239.1223649	239.1371659	0	22050	0.0148		25538					1	doublet	two	1	3	204	
406	Waveform 1	1	239.1817979	239.2177049	0	22050	0.0359		26145					2	doublet	two	1	3	204	
407	Waveform 1	1	240.7057542	240.7202043	0	22050	0.0145		26222					1	doublet	two	2	3	205	
408	Waveform 1	1	240.7711534	240.8146104	0	22050	0.0435		28600					2	doublet	two	2	3	205	
299	Waveform 1	1	184.4279677	184.5252166	0	22050	0.0972		10495					1	doublet	solo	0	3	150	could be one
300	Waveform 1	1	184.7662101	184.8625358	0	22050	0.0963		9793					2	doublet	solo	0	3	151	could be two
