Selection	View	Channel	Begin Time (s)	End Time (s)	Low Freq (Hz)	High Freq (Hz)	Delta Time (s)	Max Freq (Hz)	Peak Amp (U)	Freq 5% (Hz)	Freq 25% (Hz)	Freq 75% (Hz)	Freq 95% (Hz)	Note_type	call_type	series_type	series_seq	Call_group_num	Call_num	Notes
29	Spectrogram 1	1	21.49856631	21.51069202	0	22050	0.0121	2325.586		2153.32	2239.453	2325.586	2411.719	1	doublet	solo	0	1	1	
30	Spectrogram 1	1	21.57462587	21.62148697	0	22050	0.0469	2411.719		2325.586	2411.719	2497.852	2497.852	2	doublet	solo	0	1	1	
46	Spectrogram 1	1	57.9934701	58.00755949	0	22050	0.0141	2411.719		2325.586	2325.586	2411.719	2497.852	1	doublet	solo	0	2	10	
47	Spectrogram 1	1	58.07374277	58.1200835	0	22050	0.0463	2497.852		2411.719	2497.852	2497.852	2583.984	2	doublet	solo	0	2	10	
48	Spectrogram 1	1	59.91446772	59.92854566	0	22050	0.0141	2411.719		2325.586	2325.586	2411.719	2497.852	11	solo	solo	0	2	11	
49	Spectrogram 1	1	59.99387827	60.03890813	0	22050	0.045	2497.852		2325.586	2411.719	2583.984	2670.117	1	doublet	solo	0	2	11	
50	Spectrogram 1	1	61.92426386	61.93934172	0	22050	0.0151	2411.719		2325.586	2325.586	2411.719	2497.852	2	doublet	solo	0	2	12	
51	Spectrogram 1	1	62.0008172	62.04102059	0	22050	0.0402	2497.852		2411.719	2411.719	2497.852	2583.984	1	doublet	solo	0	2	12	
52	Spectrogram 1	1	64.38770762	64.4022808	0	22050	0.0146	2411.719		2239.453	2325.586	2411.719	2497.852	2	doublet	solo	0	2	13	
53	Spectrogram 1	1	64.46639719	64.50953764	0	22050	0.0431	2497.852		2411.719	2497.852	2497.852	2583.984	1	doublet	solo	0	2	13	
54	Spectrogram 1	1	66.58964376	66.60366063	0	22050	0.014	2411.719		2325.586	2411.719	2411.719	2497.852	2	doublet	solo	0	2	14	
55	Spectrogram 1	1	66.66707316	66.70768343	0	22050	0.0406	2497.852		2411.719	2497.852	2583.984	2583.984	1	doublet	solo	0	2	14	
56	Spectrogram 1	1	68.54369822	68.5575098	0	22050	0.0138	2411.719		2239.453	2325.586	2497.852	2583.984	2	doublet	solo	0	2	15	
57	Spectrogram 1	1	68.62190714	68.6643229	0	22050	0.0424	2497.852		2411.719	2497.852	2583.984	2583.984	1	doublet	solo	0	2	15	
58	Spectrogram 1	1	70.98471537	70.99875583	0	22050	0.014	2411.719		2325.586	2325.586	2411.719	2497.852	2	doublet	solo	0	2	16	
59	Spectrogram 1	1	71.06496897	71.10494796	0	22050	0.04	2497.852		2411.719	2497.852	2497.852	2583.984	1	doublet	solo	0	2	16	
60	Spectrogram 1	1	72.64868631	72.6615933	0	22050	0.0129	2411.719		2239.453	2411.719	2497.852	2583.984	2	doublet	solo	0	2	17	
61	Spectrogram 1	1	72.72691813	72.76834083	0	22050	0.0414	2583.984		2497.852	2497.852	2583.984	2670.117	1	doublet	solo	0	2	17	
62	Spectrogram 1	1	77.11683822	77.12651654	0	22050	0.0097	2497.852		2153.32	2411.719	2497.852	2583.984	2	doublet	solo	0	2	18	
63	Spectrogram 1	1	77.19237986	77.23461694	0	22050	0.0422	2497.852		2411.719	2497.852	2583.984	2670.117	1	doublet	solo	0	2	18	
69	Spectrogram 1	1	147.586423	147.6323616	0	22050	0.0459	2497.852		2497.852	2497.852	2583.984	2670.117	2	doublet	solo	0	3	19	
31	Spectrogram 1	1	23.71354654	23.72578349	0	22050	0.0122	2325.586		2239.453	2325.586	2411.719	2411.719	1	doublet	solo	0	1	2	
32	Spectrogram 1	1	23.78841295	23.83207024	0	22050	0.0437	2411.719		2325.586	2411.719	2497.852	2583.984	2	doublet	solo	0	1	2	
70	Spectrogram 1	1	149.4582566	149.5029153	0	22050	0.0447	2497.852		2411.719	2497.852	2583.984	2670.117	1	doublet	solo	0	3	20	
71	Spectrogram 1	1	151.3305711	151.3796472	0	22050	0.0491	2497.852		2497.852	2497.852	2583.984	2670.117	2	doublet	solo	0	3	21	
72	Spectrogram 1	1	152.8386888	152.8513754	0	22050	0.0127	2411.719		2239.453	2325.586	2411.719	2497.852	1	doublet	solo	0	3	22	
73	Spectrogram 1	1	152.9193925	152.9632153	0	22050	0.0438	2497.852		2411.719	2497.852	2583.984	2670.117	2	doublet	solo	0	3	22	
74	Spectrogram 1	1	154.7799272	154.7936809	0	22050	0.0138	2411.719		2325.586	2325.586	2411.719	2497.852	1	doublet	solo	0	3	23	
75	Spectrogram 1	1	154.8585252	154.899307	0	22050	0.0408	2497.852		2411.719	2497.852	2583.984	2670.117	2	doublet	solo	0	3	23	
76	Spectrogram 1	1	156.6894578	156.7019185	0	22050	0.0125	2411.719		2325.586	2325.586	2411.719	2497.852	1	doublet	solo	0	3	24	
77	Spectrogram 1	1	156.7660722	156.8087288	0	22050	0.0427	2497.852		2411.719	2497.852	2583.984	2583.984	2	doublet	solo	0	3	24	
78	Spectrogram 1	1	158.5660752	158.5792636	0	22050	0.0132	2411.719		2325.586	2411.719	2497.852	2497.852	1	doublet	solo	0	3	25	
79	Spectrogram 1	1	158.6418809	158.6878168	0	22050	0.0459	2497.852		2411.719	2497.852	2583.984	2670.117	2	doublet	solo	0	3	25	
80	Spectrogram 1	1	161.0457353	161.0589994	0	22050	0.0133	2411.719		2239.453	2411.719	2497.852	2583.984	1	doublet	solo	0	3	26	
81	Spectrogram 1	1	161.1251878	161.1674945	0	22050	0.0423	2497.852		2411.719	2497.852	2583.984	2670.117	2	doublet	solo	0	3	26	
82	Spectrogram 1	1	163.1857194	163.1987317	0	22050	0.013	2411.719		2325.586	2411.719	2497.852	2497.852	11	solo	solo	0	3	27	
83	Spectrogram 1	1	163.2596177	163.3005164	0	22050	0.0409	2497.852		2411.719	2497.852	2583.984	2583.984	12	solo	solo	0	3	27	
84	Spectrogram 1	1	164.7735337	164.7875345	0	22050	0.014	2411.719		2239.453	2325.586	2497.852	2583.984	11	solo	solo	0	3	28	
85	Spectrogram 1	1	164.852971	164.8952842	0	22050	0.0423	2497.852		2411.719	2497.852	2583.984	2583.984	1	doublet	solo	0	3	28	
86	Spectrogram 1	1	166.3441667	166.3598756	0	22050	0.0157	2411.719		2325.586	2325.586	2411.719	2497.852	2	doublet	solo	0	3	29	
87	Spectrogram 1	1	166.4267625	166.4714035	0	22050	0.0446	2497.852		2411.719	2497.852	2583.984	2670.117	1	doublet	solo	0	3	29	
33	Spectrogram 1	1	45.40415221	45.45449152	0	22050	0.0503	2411.719		2325.586	2411.719	2497.852	2583.984	2	doublet	solo	0	2	3	
88	Spectrogram 1	1	167.852498	167.8665755	0	22050	0.0141	2411.719		2325.586	2411.719	2497.852	2497.852	1	doublet	solo	0	3	30	
89	Spectrogram 1	1	167.9323625	167.9783876	0	22050	0.046	2497.852		2411.719	2497.852	2583.984	2670.117	2	doublet	solo	0	3	30	
90	Spectrogram 1	1	170.4012193	170.4134966	0	22050	0.0123	2411.719		2325.586	2411.719	2497.852	2497.852	1	doublet	solo	0	3	31	
91	Spectrogram 1	1	170.4814347	170.5233071	0	22050	0.0419	2497.852		2411.719	2497.852	2583.984	2670.117	2	doublet	solo	0	3	31	
92	Spectrogram 1	1	172.6691178	172.6828826	0	22050	0.0138	2411.719		2239.453	2325.586	2411.719	2497.852	1	doublet	solo	0	3	32	
93	Spectrogram 1	1	172.7468308	172.7877253	0	22050	0.0409	2497.852		2411.719	2411.719	2497.852	2583.984	2	doublet	solo	0	3	32	
94	Spectrogram 1	1	174.3733109	174.389409	0	22050	0.0161	2411.719		2239.453	2325.586	2411.719	2497.852	1	doublet	solo	0	3	33	
95	Spectrogram 1	1	174.4543504	174.4977265	0	22050	0.0434	2497.852		2411.719	2497.852	2583.984	2583.984	2	doublet	solo	0	3	33	
96	Spectrogram 1	1	174.7282304	174.7417697	0	22050	0.0135	2411.719		2239.453	2325.586	2497.852	2583.984	1	doublet	solo	0	3	34	
97	Spectrogram 1	1	174.8077134	174.8460441	0	22050	0.0383	2497.852		2411.719	2497.852	2583.984	2583.984	2	doublet	solo	0	3	34	
98	Spectrogram 1	1	175.4701849	175.568748	0	22050	0.0986	2497.852		1464.258	2411.719	2583.984	3100.781	1	doublet	solo	0	3	35	
100	Spectrogram 1	1	176.9322251	176.9475149	0	22050	0.0153	2411.719		2325.586	2325.586	2411.719	2497.852	2	doublet	solo	0	3	36	
101	Spectrogram 1	1	177.0165605	177.0687175	0	22050	0.0522	2497.852		2325.586	2497.852	2583.984	2670.117	1	doublet	solo	0	3	36	
102	Spectrogram 1	1	177.2563676	177.2732438	0	22050	0.0169	2411.719		2325.586	2411.719	2497.852	2497.852	2	doublet	solo	0	3	37	
103	Spectrogram 1	1	177.3324479	177.3678985	0	22050	0.0355	2497.852		2411.719	2497.852	2583.984	2583.984	1	doublet	solo	0	3	37	
104	Spectrogram 1	1	179.156865	179.1718113	0	22050	0.0149	2411.719		2239.453	2325.586	2411.719	2497.852	2	doublet	solo	0	3	38	
105	Spectrogram 1	1	179.2399339	179.2895995	0	22050	0.0497	2497.852		2325.586	2497.852	2583.984	2670.117	1	doublet	solo	0	3	38	
106	Spectrogram 1	1	179.4724931	179.4854465	0	22050	0.013	2411.719		2153.32	2325.586	2497.852	2583.984	2	doublet	solo	0	3	39	
107	Spectrogram 1	1	179.5466966	179.583303	0	22050	0.0366	2497.852		2411.719	2497.852	2583.984	2670.117	1	doublet	three	1	3	39	
34	Spectrogram 1	1	47.12941476	47.14020553	0	22050	0.0108	2411.719		2153.32	2325.586	2411.719	2497.852	2	doublet	three	1	2	4	
35	Spectrogram 1	1	47.20226755	47.24482631	0	22050	0.0426	2497.852		2411.719	2497.852	2583.984	2583.984	1	doublet	three	2	2	4	
108	Spectrogram 1	1	181.3861436	181.4006723	0	22050	0.0145	2411.719		2325.586	2411.719	2497.852	2583.984	2	doublet	three	2	3	40	
109	Spectrogram 1	1	181.4694108	181.5175392	0	22050	0.0481	2497.852		2325.586	2497.852	2583.984	2670.117	3	solo	three	3	3	40	
110	Spectrogram 1	1	181.71671	181.7295826	0	22050	0.0129	2411.719		2239.453	2411.719	2497.852	2583.984	1	doublet	two	1	3	41	
111	Spectrogram 1	1	181.790471	181.8286801	0	22050	0.0382	2497.852		2411.719	2497.852	2583.984	2670.117	2	doublet	two	1	3	41	
112	Spectrogram 1	1	186.6851548	186.6972074	0	22050	0.0121	2411.719		2325.586	2325.586	2411.719	2497.852	1	doublet	two	2	3	42	
113	Spectrogram 1	1	186.7639665	186.8081064	0	22050	0.0441	2497.852		2411.719	2497.852	2583.984	2583.984	2	doublet	two	2	3	42	
114	Spectrogram 1	1	189.1435899	189.1584014	0	22050	0.0148	2325.586		2153.32	2325.586	2411.719	2497.852	1	doublet	two	1	3	43	
115	Spectrogram 1	1	189.2218369	189.2627245	0	22050	0.0409	2411.719		2325.586	2411.719	2497.852	2583.984	2	doublet	two	1	3	43	
116	Spectrogram 1	1	191.1921281	191.2065252	0	22050	0.0144	2325.586		2239.453	2325.586	2411.719	2497.852	1	doublet	two	2	3	44	
117	Spectrogram 1	1	191.2705277	191.3115418	0	22050	0.041	2497.852		2411.719	2411.719	2497.852	2583.984	2	doublet	two	2	3	44	
118	Spectrogram 1	1	193.0481156	193.0629724	0	22050	0.0149	2411.719		2239.453	2325.586	2411.719	2497.852	1	doublet	two	1	3	45	
119	Spectrogram 1	1	193.1291398	193.1736014	0	22050	0.0445	2497.852		2411.719	2497.852	2583.984	2583.984	2	doublet	two	1	3	45	
120	Spectrogram 1	1	194.9363908	194.9500842	0	22050	0.0137	2411.719		2239.453	2325.586	2411.719	2583.984	1	doublet	two	2	3	46	
121	Spectrogram 1	1	195.0163011	195.0615706	0	22050	0.0453	2497.852		2411.719	2497.852	2583.984	2670.117	2	doublet	two	2	3	46	
122	Spectrogram 1	1	196.8998918	196.9149177	0	22050	0.015	2411.719		2325.586	2411.719	2411.719	2497.852	1	doublet	solo	0	3	47	
123	Spectrogram 1	1	196.9805955	197.027469	0	22050	0.0469	2497.852		2411.719	2497.852	2583.984	2670.117	2	doublet	solo	0	3	47	
124	Spectrogram 1	1	198.4430589	198.4578101	0	22050	0.0148	2411.719		2239.453	2325.586	2497.852	2583.984	1	doublet	solo	0	3	48	
125	Spectrogram 1	1	198.5248307	198.5727061	0	22050	0.0479	2497.852		2411.719	2497.852	2583.984	2670.117	2	doublet	solo	0	3	48	
126	Spectrogram 1	1	198.8001145	198.8135759	0	22050	0.0135	2411.719		2325.586	2411.719	2497.852	2497.852	1	doublet	solo	0	3	49	
127	Spectrogram 1	1	198.8791551	198.9170742	0	22050	0.0379	2497.852		2411.719	2497.852	2583.984	2583.984	2	doublet	solo	0	3	49	
36	Spectrogram 1	1	48.99765455	49.00900154	0	22050	0.0113	2411.719		2239.453	2325.586	2411.719	2497.852	1	doublet	solo	0	2	5	
37	Spectrogram 1	1	49.06986323	49.11345056	0	22050	0.0436	2411.719		2411.719	2411.719	2497.852	2583.984	2	doublet	solo	0	2	5	
128	Spectrogram 1	1	226.4047135	226.416143	0	22050	0.0114	2411.719		2239.453	2411.719	2497.852	2583.984	1	doublet	solo	0	4	50	
129	Spectrogram 1	1	226.4814805	226.5219039	0	22050	0.0404	2497.852		2411.719	2497.852	2583.984	2670.117	2	doublet	solo	0	4	50	
130	Spectrogram 1	1	228.4734086	228.4862119	0	22050	0.0128	2411.719		2239.453	2325.586	2411.719	2497.852	1	doublet	solo	0	4	51	
131	Spectrogram 1	1	228.5490464	228.5931659	0	22050	0.0441	2411.719		2411.719	2411.719	2497.852	2583.984	2	doublet	solo	0	4	51	
132	Spectrogram 1	1	230.3268327	230.3398471	0	22050	0.013	2411.719		2239.453	2325.586	2411.719	2497.852	1	doublet	two	1	4	52	
133	Spectrogram 1	1	230.4042253	230.4504064	0	22050	0.0462	2497.852		2325.586	2411.719	2583.984	2670.117	2	doublet	two	1	4	52	
134	Spectrogram 1	1	231.9694566	231.9832549	0	22050	0.0138	2411.719		2239.453	2325.586	2411.719	2497.852	1	doublet	two	2	4	53	
135	Spectrogram 1	1	232.0467118	232.0943921	0	22050	0.0477	2497.852		2411.719	2497.852	2583.984	2670.117	2	doublet	two	2	4	53	
136	Spectrogram 1	1	233.921132	233.9353829	0	22050	0.0143	2411.719		2239.453	2325.586	2497.852	2497.852	1	doublet	solo	0	4	54	
137	Spectrogram 1	1	233.9986466	234.0450656	0	22050	0.0464	2497.852		2411.719	2497.852	2583.984	2670.117	2	doublet	solo	0	4	54	
138	Spectrogram 1	1	243.1463809	243.1537751	0	22050	0.0074	2067.188		1894.922	1981.055	2153.32	2239.453	1	doublet	solo	0	4	55	
139	Spectrogram 1	1	243.2204331	243.2711502	0	22050	0.0507	2239.453		2153.32	2153.32	2239.453	2325.586	2	doublet	solo	0	4	55	
140	Spectrogram 1	1	245.2016343	245.2155539	0	22050	0.0139	2239.453		2153.32	2153.32	2325.586	2411.719	1	doublet	solo	0	4	56	
141	Spectrogram 1	1	245.2789048	245.3279709	0	22050	0.0491	2411.719		2325.586	2411.719	2497.852	2583.984	2	doublet	solo	0	4	56	
142	Spectrogram 1	1	248.5057572	248.5196724	0	22050	0.0139	2239.453		2153.32	2239.453	2325.586	2325.586	1	doublet	solo	0	4	57	
143	Spectrogram 1	1	248.581334	248.6266417	0	22050	0.0453	2411.719		2325.586	2411.719	2497.852	2497.852	2	doublet	solo	0	4	57	
144	Spectrogram 1	1	250.2002763	250.2156111	0	22050	0.0153	2325.586		2153.32	2239.453	2325.586	2497.852	1	doublet	solo	0	4	58	
145	Spectrogram 1	1	250.2763719	250.3230743	0	22050	0.0467	2411.719		2325.586	2411.719	2497.852	2497.852	2	doublet	solo	0	4	58	
146	Spectrogram 1	1	251.8070115	251.8223953	0	22050	0.0154	2325.586		2239.453	2325.586	2411.719	2497.852	1	doublet	solo	0	4	59	
147	Spectrogram 1	1	251.886876	251.9331933	0	22050	0.0463	2497.852		2411.719	2411.719	2583.984	2583.984	2	doublet	solo	0	4	59	
38	Spectrogram 1	1	50.63914956	50.65238771	0	22050	0.0132	2325.586		2239.453	2325.586	2411.719	2497.852	1	doublet	solo	0	2	6	
39	Spectrogram 1	1	50.72015848	50.7644337	0	22050	0.0443	2497.852		2411.719	2411.719	2497.852	2583.984	2	doublet	solo	0	2	6	
148	Spectrogram 1	1	253.4595994	253.4758261	0	22050	0.0162	2325.586		2239.453	2325.586	2411.719	2497.852	1	doublet	solo	0	4	60	
149	Spectrogram 1	1	253.5383042	253.5892096	0	22050	0.0509	2497.852		2325.586	2411.719	2497.852	2670.117	2	doublet	solo	0	4	60	
150	Spectrogram 1	1	253.7914018	253.8052032	0	22050	0.0138	2411.719		2239.453	2325.586	2411.719	2497.852	1	doublet	solo	0	4	61	
151	Spectrogram 1	1	253.867772	253.9074496	0	22050	0.0397	2497.852		2325.586	2411.719	2497.852	2583.984	2	doublet	solo	0	4	61	
152	Spectrogram 1	1	254.4252433	254.5278112	0	22050	0.1026	2497.852		1550.391	2411.719	2497.852	3014.648	1	doublet	solo	0	4	62	
153	Spectrogram 1	1	255.9024247	255.9182904	0	22050	0.0159	2325.586		2239.453	2325.586	2411.719	2497.852	2	doublet	solo	0	4	63	
154	Spectrogram 1	1	255.9872788	256.0380793	0	22050	0.0508	2497.852		2325.586	2411.719	2583.984	2670.117	1	doublet	two	1	4	63	
155	Spectrogram 1	1	256.2147416	256.2270359	0	22050	0.0123	2411.719		2153.32	2325.586	2497.852	2583.984	2	doublet	two	1	4	64	
156	Spectrogram 1	1	256.2898454	256.3270055	0	22050	0.0372	2497.852		2325.586	2497.852	2583.984	2670.117	1	doublet	two	2	4	64	
157	Spectrogram 1	1	256.5640763	256.5768963	0	22050	0.0128	2411.719		2325.586	2325.586	2411.719	2497.852	2	doublet	two	2	4	65	
158	Spectrogram 1	1	256.6371964	256.6753356	0	22050	0.0381	2497.852		2325.586	2411.719	2497.852	2670.117	3	solo	solo	0	4	65	
159	Spectrogram 1	1	258.8219193	258.8361417	0	22050	0.0142	2411.719		2325.586	2325.586	2411.719	2497.852	1	doublet	three	1	4	66	
160	Spectrogram 1	1	258.9027299	258.9520052	0	22050	0.0493	2497.852		2411.719	2497.852	2583.984	2583.984	2	doublet	three	1	4	66	
161	Spectrogram 1	1	259.1488847	259.1623549	0	22050	0.0135	2411.719		2239.453	2325.586	2411.719	2497.852	1	doublet	three	2	4	67	
162	Spectrogram 1	1	259.2227372	259.2609419	0	22050	0.0382	2497.852		2411.719	2497.852	2497.852	2583.984	2	doublet	three	2	4	67	
163	Spectrogram 1	1	260.7074174	260.7217554	0	22050	0.0143	2325.586		2153.32	2325.586	2411.719	2583.984	1	doublet	three	3	4	68	
164	Spectrogram 1	1	260.7817277	260.8254861	0	22050	0.0438	2497.852		2325.586	2411.719	2497.852	2583.984	2	doublet	three	3	4	68	
165	Spectrogram 1	1	261.0136613	261.0274303	0	22050	0.0138	2411.719		2239.453	2325.586	2411.719	2497.852	1	doublet	two	1	4	69	
166	Spectrogram 1	1	261.086873	261.1217305	0	22050	0.0349	2497.852		2411.719	2411.719	2497.852	2583.984	2	doublet	two	1	4	69	
40	Spectrogram 1	1	52.5876626	52.60092044	0	22050	0.0133	2411.719		2325.586	2411.719	2497.852	2497.852	1	doublet	two	2	2	7	
41	Spectrogram 1	1	52.66124811	52.70376109	0	22050	0.0425	2583.984		2411.719	2497.852	2583.984	2670.117	2	doublet	two	2	2	7	
167	Spectrogram 1	1	262.8280839	262.8421034	0	22050	0.014	2411.719		2325.586	2325.586	2411.719	2497.852	1	doublet	two	1	4	70	
168	Spectrogram 1	1	262.9048051	262.9480664	0	22050	0.0433	2497.852		2411.719	2411.719	2497.852	2583.984	2	doublet	two	1	4	70	
169	Spectrogram 1	1	263.1374406	263.1517461	0	22050	0.0143	2411.719		2239.453	2325.586	2411.719	2497.852	1	doublet	two	2	4	71	
170	Spectrogram 1	1	263.21111	263.2446198	0	22050	0.0335	2497.852		2411.719	2497.852	2497.852	2583.984	2	doublet	two	2	4	71	
171	Spectrogram 1	1	267.5616349	267.5776327	0	22050	0.016	2411.719		2239.453	2325.586	2497.852	2583.984	1	doublet	two	1	4	72	
172	Spectrogram 1	1	267.6423234	267.6838511	0	22050	0.0415	2497.852		2411.719	2497.852	2583.984	2583.984	2	doublet	two	1	4	72	
173	Spectrogram 1	1	270.0527543	270.067114	0	22050	0.0144	2411.719		2239.453	2325.586	2411.719	2583.984	1	doublet	two	2	4	73	
174	Spectrogram 1	1	270.1294145	270.1720432	0	22050	0.0426	2497.852		2411.719	2497.852	2497.852	2583.984	2	doublet	two	2	4	73	
175	Spectrogram 1	1	272.1555375	272.1697224	0	22050	0.0142	2411.719		2325.586	2325.586	2411.719	2497.852	1	doublet	solo	0	4	74	
176	Spectrogram 1	1	272.2342423	272.2783148	0	22050	0.0441	2497.852		2325.586	2411.719	2497.852	2583.984	2	doublet	solo	0	4	74	
177	Spectrogram 1	1	273.8596391	273.8741818	0	22050	0.0145	2411.719		2239.453	2325.586	2411.719	2497.852	1	doublet	solo	0	4	75	
178	Spectrogram 1	1	273.9388627	273.982597	0	22050	0.0437	2497.852		2411.719	2497.852	2583.984	2583.984	2	doublet	solo	0	4	75	
179	Spectrogram 1	1	275.5924882	275.6075325	0	22050	0.015	2411.719		2325.586	2325.586	2411.719	2497.852	1	doublet	solo	0	4	76	
180	Spectrogram 1	1	275.6709794	275.7166546	0	22050	0.0457	2497.852		2411.719	2411.719	2583.984	2670.117	2	doublet	solo	0	4	76	
181	Spectrogram 1	1	277.4933671	277.5077312	0	22050	0.0144	2411.719		2239.453	2325.586	2411.719	2497.852	1	doublet	solo	0	4	77	
182	Spectrogram 1	1	277.5717057	277.6136301	0	22050	0.0419	2497.852		2411.719	2497.852	2497.852	2583.984	2	doublet	solo	0	4	77	
183	Spectrogram 1	1	277.8730668	277.8875968	0	22050	0.0145	2411.719		2239.453	2325.586	2497.852	2583.984	1	doublet	solo	0	4	78	
184	Spectrogram 1	1	277.9471635	277.9825856	0	22050	0.0354	2497.852		2325.586	2411.719	2497.852	2670.117	2	doublet	solo	0	4	78	
185	Spectrogram 1	1	279.6277665	279.6418934	0	22050	0.0141	2325.586		2239.453	2325.586	2411.719	2411.719	1	doublet	two	1	4	79	
186	Spectrogram 1	1	279.7099198	279.7549364	0	22050	0.045	2411.719		2325.586	2411.719	2497.852	2583.984	2	doublet	two	1	4	79	
42	Spectrogram 1	1	54.47081083	54.48493895	0	22050	0.0141	2411.719		2239.453	2325.586	2411.719	2497.852	1	doublet	two	2	2	8	
43	Spectrogram 1	1	54.54895868	54.5901825	0	22050	0.0412	2497.852		2411.719	2497.852	2583.984	2670.117	2	doublet	two	2	2	8	
187	Spectrogram 1	1	279.937581	279.9508942	0	22050	0.0133	2411.719		2153.32	2325.586	2411.719	2497.852	1	doublet	two	1	4	80	
188	Spectrogram 1	1	280.0111588	280.0488599	0	22050	0.0377	2497.852		2411.719	2411.719	2497.852	2583.984	2	doublet	two	1	4	80	
189	Spectrogram 1	1	281.9763383	281.9897125	0	22050	0.0134	2325.586		2153.32	2325.586	2411.719	2497.852	1	doublet	two	2	4	81	
190	Spectrogram 1	1	282.0529984	282.0952763	0	22050	0.0423	2497.852		2411.719	2411.719	2497.852	2583.984	2	doublet	two	2	4	81	
191	Spectrogram 1	1	282.3513383	282.3652313	0	22050	0.0139	2411.719		2239.453	2325.586	2411.719	2497.852	1	doublet	two	1	4	82	
192	Spectrogram 1	1	282.4286088	282.4649686	0	22050	0.0364	2497.852		2325.586	2411.719	2583.984	2670.117	2	doublet	two	1	4	82	
44	Spectrogram 1	1	56.38190546	56.3957056	0	22050	0.0138	2411.719		2239.453	2325.586	2411.719	2497.852	1	doublet	two	2	2	9	
45	Spectrogram 1	1	56.45855036	56.50153698	0	22050	0.043	2497.852		2325.586	2411.719	2497.852	2583.984	2	doublet	two	2	2	9	
29	Waveform 1	1	21.49856631	21.51069202	0	22050	0.0121		10283					1	doublet	solo	0	1	1	
30	Waveform 1	1	21.57462587	21.62148697	0	22050	0.0469		24284					2	doublet	solo	0	1	1	
46	Waveform 1	1	57.9934701	58.00755949	0	22050	0.0141		18912					1	doublet	solo	0	2	10	
47	Waveform 1	1	58.07374277	58.1200835	0	22050	0.0463		28217					2	doublet	solo	0	2	10	
48	Waveform 1	1	59.91446772	59.92854566	0	22050	0.0141		18565					11	solo	solo	0	2	11	
49	Waveform 1	1	59.99387827	60.03890813	0	22050	0.045		28805					1	doublet	solo	0	2	11	
50	Waveform 1	1	61.92426386	61.93934172	0	22050	0.0151		17591					2	doublet	solo	0	2	12	
51	Waveform 1	1	62.0008172	62.04102059	0	22050	0.0402		27358					1	doublet	solo	0	2	12	
52	Waveform 1	1	64.38770762	64.4022808	0	22050	0.0146		18574					2	doublet	solo	0	2	13	
53	Waveform 1	1	64.46639719	64.50953764	0	22050	0.0431		27543					1	doublet	solo	0	2	13	
54	Waveform 1	1	66.58964376	66.60366063	0	22050	0.014		16797					2	doublet	solo	0	2	14	
55	Waveform 1	1	66.66707316	66.70768343	0	22050	0.0406		27555					1	doublet	solo	0	2	14	
56	Waveform 1	1	68.54369822	68.5575098	0	22050	0.0138		18632					2	doublet	solo	0	2	15	
57	Waveform 1	1	68.62190714	68.6643229	0	22050	0.0424		27526					1	doublet	solo	0	2	15	
58	Waveform 1	1	70.98471537	70.99875583	0	22050	0.014		17757					2	doublet	solo	0	2	16	
59	Waveform 1	1	71.06496897	71.10494796	0	22050	0.04		27565					1	doublet	solo	0	2	16	
60	Waveform 1	1	72.64868631	72.6615933	0	22050	0.0129		20115					2	doublet	solo	0	2	17	
61	Waveform 1	1	72.72691813	72.76834083	0	22050	0.0414		28086					1	doublet	solo	0	2	17	
62	Waveform 1	1	77.11683822	77.12651654	0	22050	0.0097		5780					2	doublet	solo	0	2	18	
63	Waveform 1	1	77.19237986	77.23461694	0	22050	0.0422		21813					1	doublet	solo	0	2	18	
69	Waveform 1	1	147.586423	147.6323616	0	22050	0.0459		12560					2	doublet	solo	0	3	19	
31	Waveform 1	1	23.71354654	23.72578349	0	22050	0.0122		10576					1	doublet	solo	0	1	2	
32	Waveform 1	1	23.78841295	23.83207024	0	22050	0.0437		22905					2	doublet	solo	0	1	2	
70	Waveform 1	1	149.4582566	149.5029153	0	22050	0.0447		22832					1	doublet	solo	0	3	20	
71	Waveform 1	1	151.3305711	151.3796472	0	22050	0.0491		24516					2	doublet	solo	0	3	21	
72	Waveform 1	1	152.8386888	152.8513754	0	22050	0.0127		14615					1	doublet	solo	0	3	22	
73	Waveform 1	1	152.9193925	152.9632153	0	22050	0.0438		29578					2	doublet	solo	0	3	22	
74	Waveform 1	1	154.7799272	154.7936809	0	22050	0.0138		16694					1	doublet	solo	0	3	23	
75	Waveform 1	1	154.8585252	154.899307	0	22050	0.0408		29314					2	doublet	solo	0	3	23	
76	Waveform 1	1	156.6894578	156.7019185	0	22050	0.0125		13127					1	doublet	solo	0	3	24	
77	Waveform 1	1	156.7660722	156.8087288	0	22050	0.0427		29135					2	doublet	solo	0	3	24	
78	Waveform 1	1	158.5660752	158.5792636	0	22050	0.0132		20511					1	doublet	solo	0	3	25	
79	Waveform 1	1	158.6418809	158.6878168	0	22050	0.0459		30569					2	doublet	solo	0	3	25	
80	Waveform 1	1	161.0457353	161.0589994	0	22050	0.0133		17528					1	doublet	solo	0	3	26	
81	Waveform 1	1	161.1251878	161.1674945	0	22050	0.0423		30605					2	doublet	solo	0	3	26	
82	Waveform 1	1	163.1857194	163.1987317	0	22050	0.013		17690					11	solo	solo	0	3	27	
83	Waveform 1	1	163.2596177	163.3005164	0	22050	0.0409		29123					12	solo	solo	0	3	27	
84	Waveform 1	1	164.7735337	164.7875345	0	22050	0.014		20627					11	solo	solo	0	3	28	
85	Waveform 1	1	164.852971	164.8952842	0	22050	0.0423		31113					1	doublet	solo	0	3	28	
86	Waveform 1	1	166.3441667	166.3598756	0	22050	0.0157		21383					2	doublet	solo	0	3	29	
87	Waveform 1	1	166.4267625	166.4714035	0	22050	0.0446		31629					1	doublet	solo	0	3	29	
33	Waveform 1	1	45.40415221	45.45449152	0	22050	0.0503		8439					2	doublet	solo	0	2	3	
88	Waveform 1	1	167.852498	167.8665755	0	22050	0.0141		23471					1	doublet	solo	0	3	30	
89	Waveform 1	1	167.9323625	167.9783876	0	22050	0.046		32105					2	doublet	solo	0	3	30	
90	Waveform 1	1	170.4012193	170.4134966	0	22050	0.0123		17651					1	doublet	solo	0	3	31	
91	Waveform 1	1	170.4814347	170.5233071	0	22050	0.0419		30296					2	doublet	solo	0	3	31	
92	Waveform 1	1	172.6691178	172.6828826	0	22050	0.0138		19365					1	doublet	solo	0	3	32	
93	Waveform 1	1	172.7468308	172.7877253	0	22050	0.0409		30402					2	doublet	solo	0	3	32	
94	Waveform 1	1	174.3733109	174.389409	0	22050	0.0161		24756					1	doublet	solo	0	3	33	
95	Waveform 1	1	174.4543504	174.4977265	0	22050	0.0434		32222					2	doublet	solo	0	3	33	
96	Waveform 1	1	174.7282304	174.7417697	0	22050	0.0135		27625					1	doublet	solo	0	3	34	
97	Waveform 1	1	174.8077134	174.8460441	0	22050	0.0383		32211					2	doublet	solo	0	3	34	
98	Waveform 1	1	175.4701849	175.568748	0	22050	0.0986		5925					1	doublet	solo	0	3	35	
100	Waveform 1	1	176.9322251	176.9475149	0	22050	0.0153		28957					2	doublet	solo	0	3	36	
101	Waveform 1	1	177.0165605	177.0687175	0	22050	0.0522		32766					1	doublet	solo	0	3	36	
102	Waveform 1	1	177.2563676	177.2732438	0	22050	0.0169		27178					2	doublet	solo	0	3	37	
103	Waveform 1	1	177.3324479	177.3678985	0	22050	0.0355		31821					1	doublet	solo	0	3	37	
104	Waveform 1	1	179.156865	179.1718113	0	22050	0.0149		26088					2	doublet	solo	0	3	38	
105	Waveform 1	1	179.2399339	179.2895995	0	22050	0.0497		32508					1	doublet	solo	0	3	38	
106	Waveform 1	1	179.4724931	179.4854465	0	22050	0.013		25834					2	doublet	solo	0	3	39	
107	Waveform 1	1	179.5466966	179.583303	0	22050	0.0366		31950					1	doublet	three	1	3	39	
34	Waveform 1	1	47.12941476	47.14020553	0	22050	0.0108		6096					2	doublet	three	1	2	4	
35	Waveform 1	1	47.20226755	47.24482631	0	22050	0.0426		20360					1	doublet	three	2	2	4	
108	Waveform 1	1	181.3861436	181.4006723	0	22050	0.0145		27705					2	doublet	three	2	3	40	
109	Waveform 1	1	181.4694108	181.5175392	0	22050	0.0481		32354					3	solo	three	3	3	40	
110	Waveform 1	1	181.71671	181.7295826	0	22050	0.0129		24737					1	doublet	two	1	3	41	
111	Waveform 1	1	181.790471	181.8286801	0	22050	0.0382		31482					2	doublet	two	1	3	41	
112	Waveform 1	1	186.6851548	186.6972074	0	22050	0.0121		15960					1	doublet	two	2	3	42	
113	Waveform 1	1	186.7639665	186.8081064	0	22050	0.0441		29322					2	doublet	two	2	3	42	
114	Waveform 1	1	189.1435899	189.1584014	0	22050	0.0148		17720					1	doublet	two	1	3	43	
115	Waveform 1	1	189.2218369	189.2627245	0	22050	0.0409		30213					2	doublet	two	1	3	43	
116	Waveform 1	1	191.1921281	191.2065252	0	22050	0.0144		21259					1	doublet	two	2	3	44	
117	Waveform 1	1	191.2705277	191.3115418	0	22050	0.041		31331					2	doublet	two	2	3	44	
118	Waveform 1	1	193.0481156	193.0629724	0	22050	0.0149		27539					1	doublet	two	1	3	45	
119	Waveform 1	1	193.1291398	193.1736014	0	22050	0.0445		32493					2	doublet	two	1	3	45	
120	Waveform 1	1	194.9363908	194.9500842	0	22050	0.0137		25542					1	doublet	two	2	3	46	
121	Waveform 1	1	195.0163011	195.0615706	0	22050	0.0453		32693					2	doublet	two	2	3	46	
122	Waveform 1	1	196.8998918	196.9149177	0	22050	0.015		26392					1	doublet	solo	0	3	47	
123	Waveform 1	1	196.9805955	197.027469	0	22050	0.0469		31980					2	doublet	solo	0	3	47	
124	Waveform 1	1	198.4430589	198.4578101	0	22050	0.0148		27712					1	doublet	solo	0	3	48	
125	Waveform 1	1	198.5248307	198.5727061	0	22050	0.0479		32766					2	doublet	solo	0	3	48	
126	Waveform 1	1	198.8001145	198.8135759	0	22050	0.0135		27272					1	doublet	solo	0	3	49	
127	Waveform 1	1	198.8791551	198.9170742	0	22050	0.0379		32502					2	doublet	solo	0	3	49	
36	Waveform 1	1	48.99765455	49.00900154	0	22050	0.0113		7390					1	doublet	solo	0	2	5	
37	Waveform 1	1	49.06986323	49.11345056	0	22050	0.0436		24485					2	doublet	solo	0	2	5	
128	Waveform 1	1	226.4047135	226.416143	0	22050	0.0114		11805					1	doublet	solo	0	4	50	
129	Waveform 1	1	226.4814805	226.5219039	0	22050	0.0404		22935					2	doublet	solo	0	4	50	
130	Waveform 1	1	228.4734086	228.4862119	0	22050	0.0128		14780					1	doublet	solo	0	4	51	
131	Waveform 1	1	228.5490464	228.5931659	0	22050	0.0441		28967					2	doublet	solo	0	4	51	
132	Waveform 1	1	230.3268327	230.3398471	0	22050	0.013		19247					1	doublet	two	1	4	52	
133	Waveform 1	1	230.4042253	230.4504064	0	22050	0.0462		31383					2	doublet	two	1	4	52	
134	Waveform 1	1	231.9694566	231.9832549	0	22050	0.0138		24823					1	doublet	two	2	4	53	
135	Waveform 1	1	232.0467118	232.0943921	0	22050	0.0477		32407					2	doublet	two	2	4	53	
136	Waveform 1	1	233.921132	233.9353829	0	22050	0.0143		24054					1	doublet	solo	0	4	54	
137	Waveform 1	1	233.9986466	234.0450656	0	22050	0.0464		32426					2	doublet	solo	0	4	54	
138	Waveform 1	1	243.1463809	243.1537751	0	22050	0.0074		3047					1	doublet	solo	0	4	55	
139	Waveform 1	1	243.2204331	243.2711502	0	22050	0.0507		13871					2	doublet	solo	0	4	55	
140	Waveform 1	1	245.2016343	245.2155539	0	22050	0.0139		16412					1	doublet	solo	0	4	56	
141	Waveform 1	1	245.2789048	245.3279709	0	22050	0.0491		26400					2	doublet	solo	0	4	56	
142	Waveform 1	1	248.5057572	248.5196724	0	22050	0.0139		16434					1	doublet	solo	0	4	57	
143	Waveform 1	1	248.581334	248.6266417	0	22050	0.0453		26762					2	doublet	solo	0	4	57	
144	Waveform 1	1	250.2002763	250.2156111	0	22050	0.0153		21417					1	doublet	solo	0	4	58	
145	Waveform 1	1	250.2763719	250.3230743	0	22050	0.0467		29443					2	doublet	solo	0	4	58	
146	Waveform 1	1	251.8070115	251.8223953	0	22050	0.0154		23275					1	doublet	solo	0	4	59	
147	Waveform 1	1	251.886876	251.9331933	0	22050	0.0463		31985					2	doublet	solo	0	4	59	
38	Waveform 1	1	50.63914956	50.65238771	0	22050	0.0132		12186					1	doublet	solo	0	2	6	
39	Waveform 1	1	50.72015848	50.7644337	0	22050	0.0443		25875					2	doublet	solo	0	2	6	
148	Waveform 1	1	253.4595994	253.4758261	0	22050	0.0162		26995					1	doublet	solo	0	4	60	
149	Waveform 1	1	253.5383042	253.5892096	0	22050	0.0509		32436					2	doublet	solo	0	4	60	
150	Waveform 1	1	253.7914018	253.8052032	0	22050	0.0138		28134					1	doublet	solo	0	4	61	
151	Waveform 1	1	253.867772	253.9074496	0	22050	0.0397		31902					2	doublet	solo	0	4	61	
152	Waveform 1	1	254.4252433	254.5278112	0	22050	0.1026		6713					1	doublet	solo	0	4	62	
153	Waveform 1	1	255.9024247	255.9182904	0	22050	0.0159		28807					2	doublet	solo	0	4	63	
154	Waveform 1	1	255.9872788	256.0380793	0	22050	0.0508		32766					1	doublet	two	1	4	63	
155	Waveform 1	1	256.2147416	256.2270359	0	22050	0.0123		27372					2	doublet	two	1	4	64	
156	Waveform 1	1	256.2898454	256.3270055	0	22050	0.0372		32376					1	doublet	two	2	4	64	
157	Waveform 1	1	256.5640763	256.5768963	0	22050	0.0128		29358					2	doublet	two	2	4	65	
158	Waveform 1	1	256.6371964	256.6753356	0	22050	0.0381		32528					3	solo	solo	0	4	65	
159	Waveform 1	1	258.8219193	258.8361417	0	22050	0.0142		25052					1	doublet	three	1	4	66	
160	Waveform 1	1	258.9027299	258.9520052	0	22050	0.0493		32653					2	doublet	three	1	4	66	
161	Waveform 1	1	259.1488847	259.1623549	0	22050	0.0135		25179					1	doublet	three	2	4	67	
162	Waveform 1	1	259.2227372	259.2609419	0	22050	0.0382		31772					2	doublet	three	2	4	67	
163	Waveform 1	1	260.7074174	260.7217554	0	22050	0.0143		25512					1	doublet	three	3	4	68	
164	Waveform 1	1	260.7817277	260.8254861	0	22050	0.0438		32025					2	doublet	three	3	4	68	
165	Waveform 1	1	261.0136613	261.0274303	0	22050	0.0138		26433					1	doublet	two	1	4	69	
166	Waveform 1	1	261.086873	261.1217305	0	22050	0.0349		32302					2	doublet	two	1	4	69	
40	Waveform 1	1	52.5876626	52.60092044	0	22050	0.0133		16762					1	doublet	two	2	2	7	
41	Waveform 1	1	52.66124811	52.70376109	0	22050	0.0425		26138					2	doublet	two	2	2	7	
167	Waveform 1	1	262.8280839	262.8421034	0	22050	0.014		26333					1	doublet	two	1	4	70	
168	Waveform 1	1	262.9048051	262.9480664	0	22050	0.0433		32549					2	doublet	two	1	4	70	
169	Waveform 1	1	263.1374406	263.1517461	0	22050	0.0143		26602					1	doublet	two	2	4	71	
170	Waveform 1	1	263.21111	263.2446198	0	22050	0.0335		32037					2	doublet	two	2	4	71	
171	Waveform 1	1	267.5616349	267.5776327	0	22050	0.016		24303					1	doublet	two	1	4	72	
172	Waveform 1	1	267.6423234	267.6838511	0	22050	0.0415		32105					2	doublet	two	1	4	72	
173	Waveform 1	1	270.0527543	270.067114	0	22050	0.0144		25449					1	doublet	two	2	4	73	
174	Waveform 1	1	270.1294145	270.1720432	0	22050	0.0426		32233					2	doublet	two	2	4	73	
175	Waveform 1	1	272.1555375	272.1697224	0	22050	0.0142		27760					1	doublet	solo	0	4	74	
176	Waveform 1	1	272.2342423	272.2783148	0	22050	0.0441		32766					2	doublet	solo	0	4	74	
177	Waveform 1	1	273.8596391	273.8741818	0	22050	0.0145		28496					1	doublet	solo	0	4	75	
178	Waveform 1	1	273.9388627	273.982597	0	22050	0.0437		32766					2	doublet	solo	0	4	75	
179	Waveform 1	1	275.5924882	275.6075325	0	22050	0.015		28663					1	doublet	solo	0	4	76	
180	Waveform 1	1	275.6709794	275.7166546	0	22050	0.0457		32431					2	doublet	solo	0	4	76	
181	Waveform 1	1	277.4933671	277.5077312	0	22050	0.0144		25423					1	doublet	solo	0	4	77	
182	Waveform 1	1	277.5717057	277.6136301	0	22050	0.0419		32316					2	doublet	solo	0	4	77	
183	Waveform 1	1	277.8730668	277.8875968	0	22050	0.0145		27691					1	doublet	solo	0	4	78	
184	Waveform 1	1	277.9471635	277.9825856	0	22050	0.0354		32497					2	doublet	solo	0	4	78	
185	Waveform 1	1	279.6277665	279.6418934	0	22050	0.0141		17978					1	doublet	two	1	4	79	
186	Waveform 1	1	279.7099198	279.7549364	0	22050	0.045		31771					2	doublet	two	1	4	79	
42	Waveform 1	1	54.47081083	54.48493895	0	22050	0.0141		16261					1	doublet	two	2	2	8	
43	Waveform 1	1	54.54895868	54.5901825	0	22050	0.0412		26908					2	doublet	two	2	2	8	
187	Waveform 1	1	279.937581	279.9508942	0	22050	0.0133		24613					1	doublet	two	1	4	80	
188	Waveform 1	1	280.0111588	280.0488599	0	22050	0.0377		31896					2	doublet	two	1	4	80	
189	Waveform 1	1	281.9763383	281.9897125	0	22050	0.0134		21907					1	doublet	two	2	4	81	
190	Waveform 1	1	282.0529984	282.0952763	0	22050	0.0423		31416					2	doublet	two	2	4	81	
191	Waveform 1	1	282.3513383	282.3652313	0	22050	0.0139		28243					1	doublet	two	1	4	82	
192	Waveform 1	1	282.4286088	282.4649686	0	22050	0.0364		32304					2	doublet	two	1	4	82	
44	Waveform 1	1	56.38190546	56.3957056	0	22050	0.0138		17049					1	doublet	two	2	2	9	
45	Waveform 1	1	56.45855036	56.50153698	0	22050	0.043		26102					2	doublet	two	2	2	9	
