Selection	View	Channel	Begin Time (s)	End Time (s)	Low Freq (Hz)	High Freq (Hz)	Delta Time (s)	Max Freq (Hz)	Peak Amp (U)	Freq 5% (Hz)	Freq 25% (Hz)	Freq 75% (Hz)	Freq 95% (Hz)	Note_type	call_type	series_type	series_seq	Call_group_num	Call_num	Notes
4	Waveform 1	1	6.1611996	6.248856563	0	22050	0.0877		2394					3	solo	solo	0	1	1	
5	Waveform 1	1	7.383641449	7.396579054	0	22050	0.0129		4095					1	doublet	solo	0	1	2	
6	Waveform 1	1	7.47328787	7.532859112	0	22050	0.0596		8561					2	doublet	solo	0	1	2	
7	Waveform 1	1	8.976556001	8.988274846	0	22050	0.0117		4974					1	doublet	solo	0	1	3	
8	Waveform 1	1	9.059115221	9.111791422	0	22050	0.0527		10017					2	doublet	solo	0	1	3	
9	Waveform 1	1	11.00369625	11.01696892	0	22050	0.0133		7338					1	doublet	solo	0	1	4	
10	Waveform 1	1	11.08782273	11.14241298	0	22050	0.0546		11984					2	doublet	solo	0	1	4	
11	Waveform 1	1	13.63504425	13.64882561	0	22050	0.0138		5517					1	doublet	solo	0	1	5	
12	Waveform 1	1	13.72158699	13.77000244	0	22050	0.0484		11787					2	doublet	solo	0	1	5	
13	Waveform 1	1	14.90875321	14.92360573	0	22050	0.0149		8237					1	doublet	solo	0	1	6	
14	Waveform 1	1	14.99194985	15.03911137	0	22050	0.0472		13389					2	doublet	solo	0	1	6	
15	Waveform 1	1	16.75920658	16.77357239	0	22050	0.0144		8554					1	doublet	solo	0	1	7	
16	Waveform 1	1	16.84444409	16.89487935	0	22050	0.0504		14719					2	doublet	solo	0	1	7	
17	Waveform 1	1	18.49730091	18.51080103	0	22050	0.0135		8252					1	doublet	solo	0	1	8	
18	Waveform 1	1	18.59127026	18.6399992	0	22050	0.0487		14603					2	doublet	solo	0	1	8	
19	Waveform 1	1	20.62104397	20.63469548	0	22050	0.0137		7617					1	doublet	solo	0	1	9	
20	Waveform 1	1	20.70789128	20.75830978	0	22050	0.0504		13893					2	doublet	solo	0	1	9	
21	Waveform 1	1	23.58514767	23.60002308	0	22050	0.0149		8398					1	doublet	solo	0	1	10	
22	Waveform 1	1	23.67009144	23.71995395	0	22050	0.0499		14353					2	doublet	solo	0	1	10	
23	Waveform 1	1	65.15273063	65.20626232	0	22050	0.0535		6797					12	solo	solo	0	2	11	
24	Waveform 1	1	66.86718264	66.87918274	0	22050	0.012		4216					1	doublet	solo	0	2	12	
25	Waveform 1	1	66.94750385	67.00008278	0	22050	0.0526		11536					2	doublet	solo	0	2	12	
26	Waveform 1	1	68.55698567	68.56892197	0	22050	0.0119		6146					1	doublet	solo	0	2	13	
27	Waveform 1	1	68.63704853	68.68849922	0	22050	0.0515		13263					2	doublet	solo	0	2	13	
28	Waveform 1	1	70.45594197	70.46953248	0	22050	0.0136		7017					1	doublet	solo	0	2	14	
29	Waveform 1	1	70.54022389	70.59025803	0	22050	0.05		13252					2	doublet	solo	0	2	14	
30	Waveform 1	1	72.35609608	72.36911426	0	22050	0.013		5925					1	doublet	solo	0	2	15	
31	Waveform 1	1	72.44267445	72.48973126	0	22050	0.0471		11806					2	doublet	solo	0	2	15	
32	Waveform 1	1	74.75562458	74.80743986	0	22050	0.0518		13049					12	solo	solo	0	2	16	
33	Waveform 1	1	76.55589466	76.57070332	0	22050	0.0148		7832					1	doublet	solo	0	2	17	
34	Waveform 1	1	76.640024	76.68760781	0	22050	0.0476		14550					2	doublet	solo	0	2	17	
35	Waveform 1	1	78.44770985	78.46235829	0	22050	0.0146		7922					1	doublet	solo	0	2	18	
36	Waveform 1	1	78.53165608	78.5838578	0	22050	0.0522		14161					2	doublet	solo	0	2	18	
37	Waveform 1	1	80.54258137	80.5583437	0	22050	0.0158		9520					1	doublet	solo	0	2	19	
38	Waveform 1	1	80.62108784	80.66700917	0	22050	0.0459		15235					2	doublet	solo	0	2	19	
39	Waveform 1	1	82.1805666	82.19612293	0	22050	0.0156		9204					1	doublet	solo	0	2	20	
40	Waveform 1	1	82.26283159	82.31476951	0	22050	0.0519		15739					2	doublet	solo	0	2	20	
41	Waveform 1	1	83.31881886	83.32993489	0	22050	0.0111		8854					1	doublet	solo	0	2	21	
42	Waveform 1	1	83.39920979	83.44813107	0	22050	0.0489		14339					2	doublet	solo	0	2	21	
43	Waveform 1	1	84.80990772	84.82639485	0	22050	0.0165		10843					1	doublet	solo	0	2	22	
44	Waveform 1	1	84.89605122	84.94161137	0	22050	0.0456		15422					2	doublet	solo	0	2	22	
45	Waveform 1	1	86.55877857	86.57077198	0	22050	0.012		8600					1	doublet	two	1	2	23	
46	Waveform 1	1	86.64394551	86.69145375	0	22050	0.0475		15045					2	doublet	two	1	2	23	
47	Waveform 1	1	86.90707569	86.91367512	0	22050	0.0066		5182					1	doublet	two	2	2	24	
48	Waveform 1	1	86.98986225	87.03274042	0	22050	0.0429		10525					2	doublet	two	2	2	24	
49	Waveform 1	1	88.99700337	89.01315479	0	22050	0.0162		9786					1	doublet	solo	0	2	25	
50	Waveform 1	1	89.085985	89.1350665	0	22050	0.0491		16152					2	doublet	solo	0	2	25	
51	Waveform 1	1	90.61873036	90.63219079	0	22050	0.0135		10847					1	doublet	solo	0	2	26	
52	Waveform 1	1	90.70571308	90.75231038	0	22050	0.0466		15942					2	doublet	solo	0	2	26	
53	Waveform 1	1	92.22269612	92.23579415	0	22050	0.0131		10195					1	doublet	two	1	2	27	
54	Waveform 1	1	92.30677967	92.35518216	0	22050	0.0484		16125					2	doublet	two	1	2	27	
55	Waveform 1	1	92.5691164	92.57587605	0	22050	0.0068		6676					1	doublet	two	2	2	28	
56	Waveform 1	1	92.65251332	92.68757038	0	22050	0.0351		11411					2	doublet	two	2	2	28	
57	Waveform 1	1	94.59652882	94.61080364	0	22050	0.0143		9497					1	doublet	solo	0	2	30	
58	Waveform 1	1	94.68093281	94.72927691	0	22050	0.0483		14833					2	doublet	solo	0	2	30	
